,ppid,heading,cameraoffset,occlusion,trialn,timestamp,trialtype_signed,World_x,World_z,WorldYaw,SWA,YawRate_seconds,TurnAngle_frames,Distance_frames,dt,StraightVisible
2,1,0.0,10.0,0,0,9.18842041176683,0,0.0,-0.0,0.0,0.0,0.0,0.0,0.0,0.06332646289470745,viz.VizPrimitive(6)
3,1,0.0,10.0,0,0,9.191415288476371,0,0.0,-0.0,0.0,0.0,0.0,0.0,0.0,0.002963286914111407,viz.VizPrimitive(6)
4,1,0.0,10.0,0,0,9.19824770994496,0,0.0,-0.0,0.0,0.0,0.0,0.0,0.0,0.006876318976523521,viz.VizPrimitive(6)
5,1,0.0,10.0,0,0,9.202748640408025,0,0.0,-0.0,0.0,0.0,0.0,0.0,0.0,0.004125545231664418,viz.VizPrimitive(6)
6,1,0.0,10.0,0,0,9.207688956207518,0,0.0,-0.0,0.0,0.0,0.0,0.0,0.0,0.005277136865045051,viz.VizPrimitive(6)
7,1,0.0,10.0,0,0,9.222715442404828,0,0.0,-0.0,0.0,0.0,0.0,0.0,0.0,0.015058486249824199,viz.VizPrimitive(6)
8,1,0.0,10.0,0,0,9.239327572229863,0,0.0,-0.0,0.0,0.0,0.0,0.0,0.0,0.016612129825032795,viz.VizPrimitive(6)
9,1,0.0,10.0,0,0,9.256079599720369,0,0.0,-0.0,0.0,0.0,0.0,0.0,0.0,0.016749976205089112,viz.VizPrimitive(6)
10,1,0.0,10.0,0,0,9.272673267976645,0,0.0,-0.0,0.0,0.0,0.0,0.0,0.0,0.016592437485025258,viz.VizPrimitive(6)
11,1,0.0,10.0,0,0,9.289325192738778,0,0.0,-0.0,0.0,0.0,0.0,0.0,0.0,0.016656027332969003,viz.VizPrimitive(6)
12,1,0.0,10.0,0,0,9.306030450921766,0,0.0,-0.0,0.0,0.0,0.0,0.0,0.0,0.016687617128397392,viz.VizPrimitive(6)
13,1,0.0,10.0,0,0,9.322962991529012,0,0.0,-0.0,0.0,0.0,0.0,0.0,0.0,0.016847207133878328,viz.VizPrimitive(6)
14,1,0.0,10.0,0,0,9.339596864979471,0,0.0,-0.0,0.0,0.0,0.0,0.0,0.0,0.016647822191297124,viz.VizPrimitive(6)
15,1,0.0,10.0,0,0,9.356411661803753,0,0.0,-0.0,0.0,0.0,0.0,0.0,0.0,0.01671141203924087,viz.VizPrimitive(6)
16,1,0.0,10.0,0,0,9.372716098816163,0,0.0,-0.0,0.0,0.0,0.0,0.0,0.0,0.016466898817474984,viz.VizPrimitive(6)
17,1,0.0,10.0,0,0,9.389308536301188,0,0.0,-0.0,0.0,0.0,0.0,0.0,0.0,0.016617052910035568,viz.VizPrimitive(6)
18,1,0.0,10.0,0,0,9.406326000124718,0,0.0,-0.0,0.0,0.0,0.0,0.0,0.0,0.016900540554733112,viz.VizPrimitive(6)
19,1,0.0,10.0,0,0,9.42321710476653,0,0.0,-0.0,0.0,0.0,0.0,0.0,0.0,0.016712232553407702,viz.VizPrimitive(6)
20,1,0.0,10.0,0,0,9.440268209670908,0,0.0,-0.0,0.0,0.0,0.0,0.0,0.0,0.01662320676628859,viz.VizPrimitive(6)
21,1,0.0,10.0,0,0,9.45601469704976,0,0.0,-0.0,0.0,0.0,0.0,0.0,0.0,0.016439001335795567,viz.VizPrimitive(6)
22,1,0.0,10.0,0,0,9.473094930207065,0,0.0,-0.0,0.0,0.0,0.0,0.0,0.0,0.01689397644139845,viz.VizPrimitive(6)
23,1,0.0,10.0,0,0,9.489492495577428,0,0.0,-0.0,0.0,0.0,0.0,0.0,0.0,0.016531719436667203,viz.VizPrimitive(6)
24,1,0.0,10.0,0,0,9.50612554851372,0,0.0,-0.0,0.0,0.0,0.0,0.0,0.0,0.016606386225864966,viz.VizPrimitive(6)
25,1,0.0,10.0,0,0,9.522712652656661,0,0.0,-0.0,0.0,0.0,0.0,0.0,0.0,0.016647822191297124,viz.VizPrimitive(6)
26,1,0.0,10.0,0,0,9.539811757639807,0,0.0,-0.0,0.0,0.0,0.0,0.0,0.0,0.01684802764804516,viz.VizPrimitive(6)
27,1,0.0,10.0,0,0,9.556391887412328,0,0.0,-0.0,0.0,0.0,0.0,0.0,0.0,0.01663182216504211,viz.VizPrimitive(6)
28,1,0.0,10.0,0,0,9.573083196854476,0,0.0,-0.0,0.0,0.0,0.0,0.0,0.0,0.01671264281049112,viz.VizPrimitive(6)
29,1,0.0,10.0,0,0,9.589756865242036,0,0.0,-0.0,0.0,0.0,0.0,0.0,0.0,0.016626899080039337,viz.VizPrimitive(6)
30,1,0.0,10.0,0,0,9.606206943519087,0,0.0,-0.0,0.0,0.0,0.0,0.0,0.0,0.0165772579729353,viz.VizPrimitive(6)
31,1,0.0,10.0,0,0,9.622640201255715,0,0.0,-0.0,0.0,0.0,0.0,0.0,0.0,0.016541975863756164,viz.VizPrimitive(6)
32,1,0.0,10.0,0,0,9.63932166452786,0,0.0,-0.0,0.0,0.0,0.0,0.0,0.0,0.016685155585896894,viz.VizPrimitive(6)
33,1,0.0,10.0,0,0,9.655983435459998,0,0.0,-0.0,0.0,0.0,0.0,0.0,0.0,0.016657258104217476,viz.VizPrimitive(6)
34,1,0.0,10.0,0,0,9.672600898627117,0,0.0,-0.0,0.0,0.0,0.0,0.0,0.0,0.01663510422170944,viz.VizPrimitive(6)
35,1,0.0,10.0,0,0,9.689471900671837,0,0.0,-0.0,0.0,0.0,0.0,0.0,0.0,0.016781566000519277,viz.VizPrimitive(6)
36,1,0.0,10.0,0,0,9.706256748729023,0,0.0,-0.0,0.0,0.0,0.0,0.0,0.0,0.016694181241732053,viz.VizPrimitive(6)
37,1,0.0,10.0,0,0,9.722765493769016,0,0.0,-0.0,0.0,0.0,0.0,0.0,0.0,0.01662074522378809,viz.VizPrimitive(6)
38,1,0.0,10.0,0,0,9.739295161920266,0,0.0,-0.0,0.0,0.0,0.0,0.0,0.0,0.016586283628772236,viz.VizPrimitive(6)
39,1,0.0,10.0,0,0,9.756353241195063,0,0.0,-0.0,0.0,0.0,0.0,0.0,0.0,0.01687387384430572,viz.VizPrimitive(6)
40,1,0.0,10.0,0,0,9.773547115564497,0,0.0,-0.0,0.0,0.0,0.0,0.0,0.0,0.017015002281029368,viz.VizPrimitive(6)
41,1,0.0,10.0,0,0,9.78938878258672,0,0.0,-0.0,0.0,0.0,0.0,0.0,0.0,0.016137872636509343,viz.VizPrimitive(6)
42,1,0.0,10.0,0,0,9.805888912227958,0,0.0,-0.0,0.0,0.0,0.0,0.0,0.0,0.01658874517127451,viz.VizPrimitive(6)
43,1,0.0,10.0,0,0,9.822546170332178,0,0.0,-0.0,0.0,0.0,0.0,0.0,0.0,0.016650283733799398,viz.VizPrimitive(6)
44,1,0.0,10.0,0,0,9.839216556663068,0,0.0,-0.0,0.0,0.0,0.0,0.0,0.0,0.016676540187141597,viz.VizPrimitive(6)
45,1,0.0,10.0,0,0,9.85585904551228,0,0.0,-0.0,0.0,0.0,0.0,0.0,0.0,0.016645770905881818,viz.VizPrimitive(6)
46,1,0.0,10.0,0,0,9.872958971009593,0,0.0,-0.0,0.0,0.0,0.0,0.0,0.0,0.016821771194701185,viz.VizPrimitive(6)
47,1,0.0,10.0,0,0,9.890105665814426,0,0.0,-0.0,0.0,0.0,0.0,0.0,0.0,0.017103617811065064,viz.VizPrimitive(6)
48,1,0.0,10.0,0,0,9.905967025176658,0,0.0,-0.0,0.0,0.0,0.0,0.0,0.0,0.01612761620942038,viz.VizPrimitive(6)
49,1,0.0,10.0,0,0,9.922561924204183,0,0.0,-0.0,0.0,0.0,0.0,0.0,0.0,0.016626488822957697,viz.VizPrimitive(6)
50,1,0.0,10.0,0,0,9.939652003531494,0,0.0,-0.0,0.0,0.0,0.0,0.0,0.0,0.01689438669848009,viz.VizPrimitive(6)
51,1,0.0,10.0,0,0,9.956234594846515,0,0.0,-0.0,0.0,0.0,0.0,0.0,0.0,0.01658587337168882,viz.VizPrimitive(6)
52,1,0.0,10.0,0,0,9.9728106220482,0,0.0,0.1327723264694214,0.0,0.0,0.0,0.0,0.13277232044688958,0.016596540055861198,viz.VizPrimitive(6)
53,1,0.0,10.0,0,0,9.989373931280298,0,0.0,0.26588597893714905,0.0,0.0,0.0,0.0,0.13311365434036304,0.01663920679254538,viz.VizPrimitive(6)
54,1,0.0,10.0,0,0,10.00599754830367,0,0.0,0.39912763237953186,0.0,0.0,0.0,0.0,0.13324165455040315,0.016655206818800394,viz.VizPrimitive(6)
55,1,0.0,10.0,0,0,10.02265972949289,0,0.0,0.5320640802383423,0.0,0.0,0.0,0.0,0.13293642328028454,0.016617052910035568,viz.VizPrimitive(6)
56,1,0.0,10.0,0,0,10.039481090430508,0,0.0,0.6663559675216675,0.0,0.0,0.0,0.0,0.13429191268416218,0.016786489085520273,viz.VizPrimitive(6)
57,1,0.0,10.0,0,0,10.055854040375861,0,0.0,0.798511266708374,0.0,0.0,0.0,0.0,0.13215529379330349,0.016519411724162936,viz.VizPrimitive(6)
58,1,0.0,10.0,0,0,10.07250432410966,0,0.0,0.931877613067627,0.0,0.0,0.0,0.0,0.13336637270379015,0.01667079658797377,viz.VizPrimitive(6)
59,1,0.0,10.0,0,0,10.089233377203492,0,0.0,1.0651127099990845,0.0,0.0,0.0,0.0,0.1332350904370685,0.01665438630463356,viz.VizPrimitive(6)
60,1,0.0,10.0,0,0,10.105887353251042,0,0.0,1.1982394456863403,0.0,0.0,0.0,0.0,0.13312678256703236,0.016640847820879046,viz.VizPrimitive(6)
61,1,0.0,10.0,0,0,10.12258317552111,0,0.0,1.3317338228225708,0.0,0.0,0.0,0.0,0.13349437291384447,0.01668679661423056,viz.VizPrimitive(6)
62,1,0.0,10.0,0,0,10.139145253981956,0,0.0,1.464837670326233,0.0,0.0,0.0,0.0,0.13310380817034684,0.016637976021293355,viz.VizPrimitive(6)
63,1,0.0,10.0,0,0,10.155868153219533,0,0.0,1.5982204675674438,0.0,0.0,0.0,0.0,0.1333827829871268,0.01667284787339085,viz.VizPrimitive(6)
64,1,0.0,10.0,0,0,10.172532795951255,0,0.0,1.7313735485076904,0.0,0.0,0.0,0.0,0.133153039020371,0.016644129877546376,viz.VizPrimitive(6)
65,1,0.0,10.0,0,0,10.189165848887548,0,0.0,1.8649336099624634,0.0,0.0,0.0,0.0,0.1335600140472053,0.016695001755900662,viz.VizPrimitive(6)
66,1,0.0,10.0,0,0,10.205808747993844,0,0.0,1.9980374574661255,0.0,0.0,0.0,0.0,0.13310380817036105,0.01663797602129513,viz.VizPrimitive(6)
67,1,0.0,10.0,0,0,10.222490211265988,0,0.0,2.131518602371216,0.0,0.0,0.0,0.0,0.13348124468716094,0.016685155585895117,viz.VizPrimitive(6)
68,1,0.0,10.0,0,0,10.23916552068188,0,0.0,2.26485538482666,0.0,0.0,0.0,0.0,0.13333683419378417,0.01666710427422302,viz.VizPrimitive(6)
69,1,0.0,10.0,0,0,10.25586626603695,0,0.0,2.397939443588257,0.0,0.0,0.0,0.0,0.13308411583034285,0.016635514478792857,viz.VizPrimitive(6)
70,1,0.0,10.0,0,0,10.272480036890316,0,0.0,2.5314173698425293,0.0,0.0,0.0,0.0,0.13347796263050782,0.016684745328813477,viz.VizPrimitive(6)
71,1,0.0,10.0,0,0,10.289172166846633,0,0.0,2.664691925048828,0.0,0.0,0.0,0.0,0.13327447511707646,0.016659309389634558,viz.VizPrimitive(6)
72,1,0.0,10.0,0,0,10.30574245044915,0,0.0,2.797792434692383,0.0,0.0,0.0,0.0,0.13310052611369372,0.016637565764211715,viz.VizPrimitive(6)
73,1,0.0,10.0,0,0,10.322418990636292,0,0.0,2.931093215942383,0.0,0.0,0.0,0.0,0.13330073157042932,0.016662591446303665,viz.VizPrimitive(6)
74,1,0.0,10.0,0,0,10.33914886424429,0,0.0,3.0644071102142334,0.0,0.0,0.0,0.0,0.13331385979709864,0.01666423247463733,viz.VizPrimitive(6)
75,1,0.0,10.0,0,0,10.355763865868909,0,0.0,3.197638988494873,0.0,0.0,0.0,0.0,0.13323180838040116,0.016653976047550145,viz.VizPrimitive(6)
76,1,0.0,10.0,0,0,10.372458457367726,0,0.0,3.331271171569824,0.0,0.0,0.0,0.0,0.1336322192939008,0.0167040274117376,viz.VizPrimitive(6)
77,1,0.0,10.0,0,0,10.389177664291552,0,0.0,3.464594841003418,0.0,0.0,0.0,0.0,0.13332370596711485,0.016665463245889356,viz.VizPrimitive(6)
78,1,0.0,10.0,0,0,10.405813589027428,0,0.0,3.597770929336548,0.0,0.0,0.0,0.0,0.13317601341704233,0.01664700167713029,viz.VizPrimitive(6)
79,1,0.0,10.0,0,0,10.422454026591224,0,0.0,3.7310421466827393,0.0,0.0,0.0,0.0,0.13327119306042334,0.016658899132552918,viz.VizPrimitive(6)
80,1,0.0,10.0,0,0,10.439048105104582,0,0.0,3.8642148971557617,0.0,0.0,0.0,0.0,0.133172731360375,0.016646591420046875,viz.VizPrimitive(6)
81,1,0.0,10.0,0,0,10.455723004263392,0,0.0,3.997469663619995,0.0,0.0,0.0,0.0,0.1332547827770867,0.016656847847135836,viz.VizPrimitive(6)
82,1,0.0,10.0,0,0,10.47241308293429,0,0.0,4.1308722496032715,0.0,0.0,0.0,0.0,0.1334024753271308,0.01667530941589135,viz.VizPrimitive(6)
83,1,0.0,10.0,0,0,10.489035058929328,0,0.0,4.2640910148620605,0.0,0.0,0.0,0.0,0.13321868015373184,0.01665233501921648,viz.VizPrimitive(6)
84,1,0.0,10.0,0,0,10.505756727395655,0,0.0,4.397572040557861,0.0,0.0,0.0,0.0,0.13348124468717515,0.016685155585896894,viz.VizPrimitive(6)
85,1,0.0,10.0,0,0,10.52240988292904,0,0.0,4.530862808227539,0.0,0.0,0.0,0.0,0.13329088540042733,0.016661360675053416,viz.VizPrimitive(6)
86,1,0.0,10.0,0,0,10.539086423116181,0,0.0,4.66418981552124,0.0,0.0,0.0,0.0,0.13332698802376797,0.016665873502970996,viz.VizPrimitive(6)
87,1,0.0,10.0,0,0,10.55571783502414,0,0.0,4.797461032867432,0.0,0.0,0.0,0.0,0.13327119306042334,0.016658899132552918,viz.VizPrimitive(6)
88,1,0.0,10.0,0,0,10.572393144440031,0,0.0,4.930758476257324,0.0,0.0,0.0,0.0,0.133297449513762,0.01666218118922025,viz.VizPrimitive(6)
89,1,0.0,10.0,0,0,10.589084043625098,0,0.0,5.0639967918396,0.0,0.0,0.0,0.0,0.13323837249373582,0.016654796561716978,viz.VizPrimitive(6)
90,1,0.0,10.0,0,0,10.605712173476388,0,0.0,5.197317123413086,0.0,0.0,0.0,0.0,0.13332042391044752,0.01666505298880594,viz.VizPrimitive(6)
91,1,0.0,10.0,0,0,10.622389123920614,0,0.0,5.330489635467529,0.0,0.0,0.0,0.0,0.133172731360375,0.016646591420046875,viz.VizPrimitive(6)
92,1,0.0,10.0,0,0,10.638981151148556,0,0.0,5.463652610778809,0.0,0.0,0.0,0.0,0.133162885190373,0.016645360648796625,viz.VizPrimitive(6)
93,1,0.0,10.0,0,0,10.655711024756554,0,0.0,5.597271919250488,0.0,0.0,0.0,0.0,0.13361909106723147,0.016702386383403933,viz.VizPrimitive(6)
94,1,0.0,10.0,0,0,10.672393308542865,0,0.0,5.7309699058532715,0.0,0.0,0.0,0.0,0.13369786042726162,0.016712232553407702,viz.VizPrimitive(6)
95,1,0.0,10.0,0,0,10.689117848808777,0,0.0,5.863903045654297,0.0,0.0,0.0,0.0,0.1329331412236172,0.01661664265295215,viz.VizPrimitive(6)
96,1,0.0,10.0,0,0,10.705646286188777,0,0.0,5.99697732925415,0.0,0.0,0.0,0.0,0.13307426966034086,0.016634283707542608,viz.VizPrimitive(6)
97,1,0.0,10.0,0,0,10.72230764686383,0,0.0,6.1302385330200195,0.0,0.0,0.0,0.0,0.13326134689040714,0.016657668361300892,viz.VizPrimitive(6)
98,1,0.0,10.0,0,0,10.739061725639756,0,0.0,6.2636637687683105,0.0,0.0,0.0,0.0,0.13342544972381631,0.01667818121547704,viz.VizPrimitive(6)
99,1,0.0,10.0,0,0,10.755684111891876,0,0.0,6.397059440612793,0.0,0.0,0.0,0.0,0.13339591121381034,0.016674488901726292,viz.VizPrimitive(6)
100,1,0.0,10.0,0,0,10.772356959765268,0,0.0,6.530376434326172,0.0,0.0,0.0,0.0,0.13331714185376597,0.016664642731720747,viz.VizPrimitive(6)
101,1,0.0,10.0,0,0,10.78902283326824,0,0.0,6.663775444030762,0.0,0.0,0.0,0.0,0.13339919327047767,0.01667489915880971,viz.VizPrimitive(6)
102,1,0.0,10.0,0,0,10.805673527259122,0,0.0,6.796941757202148,0.0,0.0,0.0,0.0,0.13316616724704033,0.016645770905880042,viz.VizPrimitive(6)
103,1,0.0,10.0,0,0,10.82240463163837,0,0.0,6.93025541305542,0.0,0.0,0.0,0.0,0.13331385979709864,0.01666423247463733,viz.VizPrimitive(6)
104,1,0.0,10.0,0,0,10.83902332557674,0,0.0,7.063345909118652,0.0,0.0,0.0,0.0,0.13309067994367751,0.01663633499295969,viz.VizPrimitive(6)
105,1,0.0,10.0,0,0,10.855661301598033,0,0.0,7.196814060211182,0.0,0.0,0.0,0.0,0.13346811646050583,0.016683514557563228,viz.VizPrimitive(6)
106,1,0.0,10.0,0,0,10.872327175101006,0,0.0,7.330183506011963,0.0,0.0,0.0,0.0,0.13336965476045748,0.016671206845057185,viz.VizPrimitive(6)
107,1,0.0,10.0,0,0,10.88894997161021,0,0.0,7.463287353515625,0.0,0.0,0.0,0.0,0.13310380817034684,0.016637976021293355,viz.VizPrimitive(6)
108,1,0.0,10.0,0,0,10.905640870795276,0,0.0,7.596725940704346,0.0,0.0,0.0,0.0,0.13343857795048564,0.016679822243810705,viz.VizPrimitive(6)
109,1,0.0,10.0,0,0,10.922266128846982,0,0.0,7.7298264503479,0.0,0.0,0.0,0.0,0.13310052611369372,0.016637565764211715,viz.VizPrimitive(6)
110,1,0.0,10.0,0,0,10.9389681049733,0,0.0,7.8633832931518555,0.0,0.0,0.0,0.0,0.13355673199052376,0.01669459149881547,viz.VizPrimitive(6)
111,1,0.0,10.0,0,0,10.955655722101698,0,0.0,7.996467590332031,0.0,0.0,0.0,0.0,0.13308411583034285,0.016635514478792857,viz.VizPrimitive(6)
112,1,0.0,10.0,0,0,10.972246108301306,0,0.0,8.129764556884766,0.0,0.0,0.0,0.0,0.1332974495137762,0.016662181189222025,viz.VizPrimitive(6)
113,1,0.0,10.0,0,0,10.989014956332236,0,0.0,8.263213157653809,0.0,0.0,0.0,0.0,0.13344842412048763,0.016681053015060954,viz.VizPrimitive(6)
114,1,0.0,10.0,0,0,11.00561313741643,0,0.0,8.396493911743164,0.0,0.0,0.0,0.0,0.13328103923042534,0.016660129903803167,viz.VizPrimitive(6)
115,1,0.0,10.0,0,0,11.0222691647494,0,0.0,8.529630661010742,0.0,0.0,0.0,0.0,0.13313662873702015,0.01664207859212752,viz.VizPrimitive(6)
116,1,0.0,10.0,0,0,11.038969910104468,0,0.0,8.662997245788574,0.0,0.0,0.0,0.0,0.13336637270380436,0.016670796587975545,viz.VizPrimitive(6)
117,1,0.0,10.0,0,0,11.055618552809934,0,0.0,8.796143531799316,0.0,0.0,0.0,0.0,0.13314647490702214,0.016643309363377767,viz.VizPrimitive(6)
118,1,0.0,10.0,0,0,11.072319298165002,0,0.0,8.929611206054688,0.0,0.0,0.0,0.0,0.13346811646050583,0.016683514557563228,viz.VizPrimitive(6)
119,1,0.0,10.0,0,0,11.088929376704618,0,0.0,9.063055992126465,0.0,0.0,0.0,0.0,0.1334451420638203,0.016680642757977537,viz.VizPrimitive(6)
120,1,0.0,10.0,0,0,11.105601814320927,0,0.0,9.196320533752441,0.0,0.0,0.0,0.0,0.13326462894708868,0.016658078618386085,viz.VizPrimitive(6)
121,1,0.0,10.0,0,0,11.122245123684307,0,0.0,9.329611778259277,0.0,0.0,0.0,0.0,0.13329088540042733,0.016661360675053416,viz.VizPrimitive(6)
122,1,0.0,10.0,0,0,11.138928638241868,0,0.0,9.462958335876465,0.0,0.0,0.0,0.0,0.13334668036378616,0.01666833504547327,viz.VizPrimitive(6)
123,1,0.0,10.0,0,0,11.155973999547076,0,0.0,9.59748363494873,0.0,0.0,0.0,0.0,0.1345249387075853,0.016815617338448163,viz.VizPrimitive(6)
124,1,0.0,10.0,0,0,11.172401513684536,0,0.0,9.729659080505371,0.0,0.0,0.0,0.0,0.13217498613330747,0.016521873266663434,viz.VizPrimitive(6)
125,1,0.0,10.0,0,0,11.189020207622905,0,0.0,9.863330841064453,0.0,0.0,0.0,0.0,0.13367160397392297,0.01670895049674037,viz.VizPrimitive(6)
126,1,0.0,10.0,0,0,11.205605670737512,0,0.0,9.996326446533203,0.0,0.0,0.0,0.0,0.1329955003002965,0.016624437537537062,viz.VizPrimitive(6)
127,1,0.0,10.0,0,0,11.222340467430511,0,0.0,10.129459381103516,0.0,0.0,0.0,0.0,0.13313334668036703,0.01664166833504588,viz.VizPrimitive(6)
128,1,0.0,10.0,0,0,11.239292290120682,0,0.0,10.26399040222168,0.0,0.0,0.0,0.0,0.13453150282093418,0.016816437852616772,viz.VizPrimitive(6)
129,1,0.0,10.0,0,0,11.256527190198467,0,0.0,10.400192260742188,0.0,0.0,0.0,0.0,0.13620206966493242,0.017025258708116553,viz.VizPrimitive(6)
130,1,0.0,10.0,0,0,11.272471421491565,0,0.0,10.529718399047852,0.0,0.0,0.0,0.0,0.12952636640224569,0.01619079580028071,viz.VizPrimitive(6)
131,1,0.0,10.0,0,0,11.28893832030904,0,0.0,10.662431716918945,0.0,0.0,0.0,0.0,0.13271324342686341,0.016589155428357927,viz.VizPrimitive(6)
132,1,0.0,10.0,0,0,11.305502860312387,0,0.0,10.79565715789795,0.0,0.0,0.0,0.0,0.1332252442670665,0.016653155533383313,viz.VizPrimitive(6)
133,1,0.0,10.0,0,0,11.322706170594742,0,0.0,10.931002616882324,0.0,0.0,0.0,0.0,0.13534545287458855,0.016918181609323568,viz.VizPrimitive(6)
134,1,0.0,10.0,0,0,11.33928712088143,0,0.0,11.063676834106445,0.0,0.0,0.0,0.0,0.13267385874684123,0.016584232343355154,viz.VizPrimitive(6)
135,1,0.0,10.0,0,0,11.355902532763132,0,0.0,11.197325706481934,0.0,0.0,0.0,0.0,0.13364862957723744,0.01670607869715468,viz.VizPrimitive(6)
136,1,0.0,10.0,0,0,11.372206559518457,0,0.0,11.329041481018066,0.0,0.0,0.0,0.0,0.1317154981997959,0.016464437274974486,viz.VizPrimitive(6)
137,1,0.0,10.0,0,0,11.388867099679343,0,0.0,11.462362289428711,0.0,0.0,0.0,0.0,0.1333204239104333,0.016665052988804163,viz.VizPrimitive(6)
138,1,0.0,10.0,0,0,11.405592870716506,0,0.0,11.596109390258789,0.0,0.0,0.0,0.0,0.1337470912772858,0.016718386409660724,viz.VizPrimitive(6)
139,1,0.0,10.0,0,0,11.422301410956162,0,0.0,11.72927188873291,0.0,0.0,0.0,0.0,0.133162885190373,0.016645360648796625,viz.VizPrimitive(6)
140,1,0.0,10.0,0,0,11.438919694637448,0,0.0,11.862277030944824,0.0,0.0,0.0,0.0,0.1330053464703127,0.016625668308789088,viz.VizPrimitive(6)
141,1,0.0,10.0,0,0,11.455542491146652,0,0.0,11.995850563049316,0.0,0.0,0.0,0.0,0.13357314227387462,0.016696642784234328,viz.VizPrimitive(6)
142,1,0.0,10.0,0,0,11.47227687758257,0,0.0,12.129417419433594,0.0,0.0,0.0,0.0,0.13356657816053996,0.016695822270067495,viz.VizPrimitive(6)
143,1,0.0,10.0,0,0,11.488925520288033,0,0.0,12.26280689239502,0.0,0.0,0.0,0.0,0.13338934710046146,0.016673668387557683,viz.VizPrimitive(6)
144,1,0.0,10.0,0,0,11.506127599799138,0,0.0,12.398027420043945,0.0,0.0,0.0,0.0,0.13522073472120155,0.016902591840150194,viz.VizPrimitive(6)
145,1,0.0,10.0,0,0,11.522626498669126,0,0.0,12.530668258666992,0.0,0.0,0.0,0.0,0.13264103818016793,0.01658012977252099,viz.VizPrimitive(6)
146,1,0.0,10.0,0,0,11.539634116322652,0,0.0,12.666007041931152,0.0,0.0,0.0,0.0,0.13533888876125388,0.016917361095156735,viz.VizPrimitive(6)
147,1,0.0,10.0,0,0,11.555586142500337,0,0.0,12.795937538146973,0.0,0.0,0.0,0.0,0.12993005937241264,0.01624125742155158,viz.VizPrimitive(6)
148,1,0.0,10.0,0,0,11.572168323558275,0,0.0,12.929054260253906,0.0,0.0,0.0,0.0,0.13311693639701616,0.01663961704962702,viz.VizPrimitive(6)
149,1,0.0,10.0,0,0,11.588855120172505,0,0.0,13.06196403503418,0.0,0.0,0.0,0.0,0.1329101668269459,0.016613770853368237,viz.VizPrimitive(6)
150,1,0.0,10.0,0,0,11.60603135348735,0,0.0,13.197489738464355,0.0,0.0,0.0,0.0,0.13552596599132016,0.01694074574891502,viz.VizPrimitive(6)
151,1,0.0,10.0,0,0,11.622581124235692,0,0.0,13.330639839172363,0.0,0.0,0.0,0.0,0.13314975696370368,0.01664371962046296,viz.VizPrimitive(6)
152,1,0.0,10.0,0,0,11.63904022816858,0,0.0,13.463008880615234,0.0,0.0,0.0,0.0,0.13236862747672262,0.016546078434590328,viz.VizPrimitive(6)
153,1,0.0,10.0,0,0,11.655542409095236,0,0.0,13.595683097839355,0.0,0.0,0.0,0.0,0.13267385874685544,0.01658423234335693,viz.VizPrimitive(6)
154,1,0.0,10.0,0,0,11.672184487687364,0,0.0,13.729056358337402,0.0,0.0,0.0,0.0,0.1333729368171248,0.0166716171021406,viz.VizPrimitive(6)
155,1,0.0,10.0,0,0,11.689385746684303,0,0.0,13.864477157592773,0.0,0.0,0.0,0.0,0.13542094017795137,0.01692761752224392,viz.VizPrimitive(6)
156,1,0.0,10.0,0,0,11.705732440176313,0,0.0,13.996170043945312,0.0,0.0,0.0,0.0,0.13169252380311036,0.016461565475388795,viz.VizPrimitive(6)
157,1,0.0,10.0,0,0,11.722288364780907,0,0.0,14.129231452941895,0.0,0.0,0.0,0.0,0.13306114143367154,0.016632642679208942,viz.VizPrimitive(6)
158,1,0.0,10.0,0,0,11.739344392770287,0,0.0,14.263907432556152,0.0,0.0,0.0,0.0,0.13467591331432516,0.016834489164290645,viz.VizPrimitive(6)
159,1,0.0,10.0,0,0,11.755959394394903,0,0.0,14.397064208984375,0.0,0.0,0.0,0.0,0.13315632107703834,0.016644540134629793,viz.VizPrimitive(6)
160,1,0.0,10.0,0,0,11.772213369786042,0,0.0,14.529078483581543,0.0,0.0,0.0,0.0,0.13201416535657984,0.01650177066957248,viz.VizPrimitive(6)
161,1,0.0,10.0,0,0,11.78876724310522,0,0.0,14.661794662475586,0.0,0.0,0.0,0.0,0.13271652548351653,0.016589565685439567,viz.VizPrimitive(6)
162,1,0.0,10.0,0,0,11.805953322590069,0,0.0,14.796828269958496,0.0,0.0,0.0,0.0,0.13503365749113527,0.01687920718639191,viz.VizPrimitive(6)
163,1,0.0,10.0,0,0,11.822431708605881,0,0.0,14.929961204528809,0.0,0.0,0.0,0.0,0.13313334668036703,0.01664166833504588,viz.VizPrimitive(6)
164,1,0.0,10.0,0,0,11.838909274107527,0,0.0,15.0624418258667,0.0,0.0,0.0,0.0,0.13248021740342608,0.01656002717542826,viz.VizPrimitive(6)
165,1,0.0,10.0,0,0,11.855985814951081,0,0.0,15.196944236755371,0.0,0.0,0.0,0.0,0.1345019643109282,0.016812745538866025,viz.VizPrimitive(6)
166,1,0.0,10.0,0,0,11.872385841863945,0,0.0,15.329509735107422,0.0,0.0,0.0,0.0,0.1325655508767909,0.016570693859598862,viz.VizPrimitive(6)
167,1,0.0,10.0,0,0,11.889291305503681,0,0.0,15.463539123535156,0.0,0.0,0.0,0.0,0.13402934815073309,0.016753668518841636,viz.VizPrimitive(6)
168,1,0.0,10.0,0,0,11.911133392629157,0,0.0,15.638836860656738,0.0,0.0,0.0,0.0,0.17529792869403593,0.02191224108675449,viz.VizPrimitive(6)
169,1,0.0,10.0,0,0,11.922422436795793,0,0.0,15.72882080078125,0.0,0.0,0.0,0.0,0.08998414766628571,0.011248018458285713,viz.VizPrimitive(6)
170,1,0.0,10.0,0,0,11.939269233672588,0,0.0,15.86353588104248,0.0,0.0,0.0,0.0,0.13471529799434734,0.016839412249293417,viz.VizPrimitive(6)
171,1,0.0,10.0,0,0,11.955958902086405,0,0.0,15.996272087097168,0.0,0.0,0.0,0.0,0.13273621782353473,0.01659202722794184,viz.VizPrimitive(6)
172,1,0.0,10.0,0,0,11.972143133773349,0,0.0,16.128408432006836,0.0,0.0,0.0,0.0,0.1321356014532853,0.01651695018166066,viz.VizPrimitive(6)
173,1,0.0,10.0,0,0,11.989305828604436,0,0.0,16.26347541809082,0.0,0.0,0.0,0.0,0.13506647805780858,0.016883309757226073,viz.VizPrimitive(6)
174,1,0.0,10.0,0,0,12.005782573591915,0,0.0,16.395788192749023,0.0,0.0,0.0,0.0,0.132312832513378,0.01653910406417225,viz.VizPrimitive(6)
175,1,0.0,10.0,0,0,12.023026089068454,0,0.0,16.532020568847656,0.0,0.0,0.0,0.0,0.1362316081749384,0.0170289510218673,viz.VizPrimitive(6)
176,1,0.0,10.0,0,0,12.038841909894417,0,0.0,16.661823272705078,0.0,0.0,0.0,0.0,0.12980205916235832,0.01622525739529479,viz.VizPrimitive(6)
177,1,0.0,10.0,0,0,12.055438039693193,0,0.0,16.794504165649414,0.0,0.0,0.0,0.0,0.1326804228601759,0.016585052857521987,viz.VizPrimitive(6)
178,1,0.0,10.0,0,0,12.072210580037876,0,0.0,16.928546905517578,0.0,0.0,0.0,0.0,0.1340424763774024,0.0167553095471753,viz.VizPrimitive(6)
179,1,0.0,10.0,0,0,12.088877274055013,0,0.0,17.061880111694336,0.0,0.0,0.0,0.0,0.13333355213710263,0.01666669401713783,viz.VizPrimitive(6)
180,1,0.0,10.0,0,0,12.105467249997538,0,0.0,17.194570541381836,0.0,0.0,0.0,0.0,0.1326902690301921,0.016586283628774012,viz.VizPrimitive(6)
181,1,0.0,10.0,0,0,12.122083072136324,0,0.0,17.327783584594727,0.0,0.0,0.0,0.0,0.13321211604039718,0.016651514505049647,viz.VizPrimitive(6)
182,1,0.0,10.0,0,0,12.138669766022181,0,0.0,17.460874557495117,0.0,0.0,0.0,0.0,0.13309067994367751,0.01663633499295969,viz.VizPrimitive(6)
183,1,0.0,10.0,0,0,12.155347947237658,0,0.0,17.594017028808594,0.0,0.0,0.0,0.0,0.13314319285036902,0.016642899106296127,viz.VizPrimitive(6)
184,1,0.0,10.0,0,0,12.171993718143538,0,0.0,17.727535247802734,0.0,0.0,0.0,0.0,0.1335173473105158,0.016689668413814474,viz.VizPrimitive(6)
185,1,0.0,10.0,0,0,12.18868666861402,0,0.0,17.860876083374023,0.0,0.0,0.0,0.0,0.1333401162504515,0.016667514531306438,viz.VizPrimitive(6)
186,1,0.0,10.0,0,0,12.205326285663649,0,0.0,17.994203567504883,0.0,0.0,0.0,0.0,0.13332698802376797,0.016665873502970996,viz.VizPrimitive(6)
187,1,0.0,10.0,0,0,12.221984364282035,0,0.0,18.12746238708496,0.0,0.0,0.0,0.0,0.13325806483375402,0.016657258104219252,viz.VizPrimitive(6)
188,1,0.0,10.0,0,0,12.238626442874162,0,0.0,18.260526657104492,0.0,0.0,0.0,0.0,0.13306442349033887,0.01663305293629236,viz.VizPrimitive(6)
189,1,0.0,10.0,0,0,12.255467085894706,0,0.0,18.39453887939453,0.0,0.0,0.0,0.0,0.13401293786738222,0.016751617233422778,viz.VizPrimitive(6)
190,1,0.0,10.0,0,0,12.271972959135113,0,0.0,18.527307510375977,0.0,0.0,0.0,0.0,0.13276903839022225,0.01659612979877778,viz.VizPrimitive(6)
191,1,0.0,10.0,0,0,12.288605601814321,0,0.0,18.660430908203125,0.0,0.0,0.0,0.0,0.13312350051035082,0.016640437563793853,viz.VizPrimitive(6)
192,1,0.0,10.0,0,0,12.305266962489375,0,0.0,18.793737411499023,0.0,0.0,0.0,0.0,0.13330729568376398,0.016663411960470498,viz.VizPrimitive(6)
193,1,0.0,10.0,0,0,12.32199314378362,0,0.0,18.927383422851562,0.0,0.0,0.0,0.0,0.1336453475205701,0.016705668440071264,viz.VizPrimitive(6)
194,1,0.0,10.0,0,0,12.338634401861583,0,0.0,19.06064224243164,0.0,0.0,0.0,0.0,0.13325806483375402,0.016657258104219252,viz.VizPrimitive(6)
195,1,0.0,10.0,0,0,12.355267044540792,0,0.0,19.193710327148438,0.0,0.0,0.0,0.0,0.1330677055470062,0.016633463193375775,viz.VizPrimitive(6)
196,1,0.0,10.0,0,0,12.371936610357515,0,0.0,19.3270206451416,0.0,0.0,0.0,0.0,0.1333105777404313,0.016663822217553914,viz.VizPrimitive(6)
197,1,0.0,10.0,0,0,12.388593868461733,0,0.0,19.460235595703125,0.0,0.0,0.0,0.0,0.1332153980970645,0.016651924762133063,viz.VizPrimitive(6)
198,1,0.0,10.0,0,0,12.405247023995116,0,0.0,19.593589782714844,0.0,0.0,0.0,0.0,0.13335324447712082,0.016669155559640103,viz.VizPrimitive(6)
199,1,0.0,10.0,0,0,12.421937923180183,0,0.0,19.727025985717773,0.0,0.0,0.0,0.0,0.1334352958938183,0.01667941198672729,viz.VizPrimitive(6)
200,1,0.0,10.0,0,0,12.43857056585939,0,0.0,19.860143661499023,0.0,0.0,0.0,0.0,0.13311693639701616,0.01663961704962702,viz.VizPrimitive(6)
201,1,0.0,10.0,0,0,12.455296747153637,0,0.0,19.993595123291016,0.0,0.0,0.0,0.0,0.13345170617716917,0.016681463272146146,viz.VizPrimitive(6)
202,1,0.0,10.0,0,0,12.47190887697867,0,0.0,20.12680435180664,0.0,0.0,0.0,0.0,0.13320883398372985,0.01665110424796623,viz.VizPrimitive(6)
203,1,0.0,10.0,0,0,12.488622340303328,0,0.0,20.260332107543945,0.0,0.0,0.0,0.0,0.13352719348051778,0.016690899185064723,viz.VizPrimitive(6)
204,1,0.0,10.0,0,0,12.505250470154618,0,0.0,20.393524169921875,0.0,0.0,0.0,0.0,0.1331924237003932,0.01664905296254915,viz.VizPrimitive(6)
205,1,0.0,10.0,0,0,12.521891317975497,0,0.0,20.52663803100586,0.0,0.0,0.0,0.0,0.13311365434034883,0.016639206792543604,viz.VizPrimitive(6)
206,1,0.0,10.0,0,0,12.538558832506803,0,0.0,20.660011291503906,0.0,0.0,0.0,0.0,0.1333729368171248,0.0166716171021406,viz.VizPrimitive(6)
207,1,0.0,10.0,0,0,12.555207064955184,0,0.0,20.79323387145996,0.0,0.0,0.0,0.0,0.13322196221039917,0.016652745276299896,viz.VizPrimitive(6)
208,1,0.0,10.0,0,0,12.571873758972323,0,0.0,20.926525115966797,0.0,0.0,0.0,0.0,0.13329088540042733,0.016661360675053416,viz.VizPrimitive(6)
209,1,0.0,10.0,0,0,12.588515837564453,0,0.0,21.05976104736328,0.0,0.0,0.0,0.0,0.1332350904370685,0.01665438630463356,viz.VizPrimitive(6)
210,1,0.0,10.0,0,0,12.605207557263684,0,0.0,21.19317054748535,0.0,0.0,0.0,0.0,0.13340903944047966,0.016676129930059957,viz.VizPrimitive(6)
211,1,0.0,10.0,0,0,12.621889020535829,0,0.0,21.326677322387695,0.0,0.0,0.0,0.0,0.1335075011405138,0.016688437642564224,viz.VizPrimitive(6)
212,1,0.0,10.0,0,0,12.638517560644203,0,0.0,21.45969581604004,0.0,0.0,0.0,0.0,0.13301847469698203,0.016627309337122753,viz.VizPrimitive(6)
213,1,0.0,10.0,0,0,12.655215023942604,0,0.0,21.59318733215332,0.0,0.0,0.0,0.0,0.13349109085717714,0.016686386357147143,viz.VizPrimitive(6)
214,1,0.0,10.0,0,0,12.671903051328085,0,0.0,21.7264461517334,0.0,0.0,0.0,0.0,0.13325806483375402,0.016657258104219252,viz.VizPrimitive(6)
215,1,0.0,10.0,0,0,12.688528719636874,0,0.0,21.859792709350586,0.0,0.0,0.0,0.0,0.13334668036377195,0.016668335045471494,viz.VizPrimitive(6)
216,1,0.0,10.0,0,0,12.705177362342338,0,0.0,21.99298095703125,0.0,0.0,0.0,0.0,0.13318914164372586,0.016648642705465733,viz.VizPrimitive(6)
217,1,0.0,10.0,0,0,12.721869082041572,0,0.0,22.126462936401367,0.0,0.0,0.0,0.0,0.13348124468717515,0.016685155585896894,viz.VizPrimitive(6)
218,1,0.0,10.0,0,0,12.738491878550775,0,0.0,22.259490966796875,0.0,0.0,0.0,0.0,0.13302832086698402,0.016628540108373002,viz.VizPrimitive(6)
219,1,0.0,10.0,0,0,12.755281649692964,0,0.0,22.39327049255371,0.0,0.0,0.0,0.0,0.1337799118439591,0.016722488980494887,viz.VizPrimitive(6)
220,1,0.0,10.0,0,0,12.771838805068809,0,0.0,22.52628517150879,0.0,0.0,0.0,0.0,0.1330151926403147,0.016626899080039337,viz.VizPrimitive(6)
221,1,0.0,10.0,0,0,12.788490729830942,0,0.0,22.659486770629883,0.0,0.0,0.0,0.0,0.13320226987039518,0.016650283733799398,viz.VizPrimitive(6)
222,1,0.0,10.0,0,0,12.80516562898975,0,0.0,22.7928409576416,0.0,0.0,0.0,0.0,0.13335324447712082,0.016669155559640103,viz.VizPrimitive(6)
223,1,0.0,10.0,0,0,12.821814271695215,0,0.0,22.926040649414062,0.0,0.0,0.0,0.0,0.13319898781371364,0.016649873476714205,viz.VizPrimitive(6)
224,1,0.0,10.0,0,0,12.838477683655686,0,0.0,23.05942726135254,0.0,0.0,0.0,0.0,0.13338606504380834,0.016673258130476043,viz.VizPrimitive(6)
225,1,0.0,10.0,0,0,12.855135762274072,0,0.0,23.19261932373047,0.0,0.0,0.0,0.0,0.13319242370037898,0.016649052962547373,viz.VizPrimitive(6)
226,1,0.0,10.0,0,0,12.871861533311234,0,0.0,23.326379776000977,0.0,0.0,0.0,0.0,0.1337602195039551,0.01672002743799439,viz.VizPrimitive(6)
227,1,0.0,10.0,0,0,12.888469970822516,0,0.0,23.45934295654297,0.0,0.0,0.0,0.0,0.1329626797336232,0.0166203349667029,viz.VizPrimitive(6)
228,1,0.0,10.0,0,0,12.905119023785065,0,0.0,23.592634201049805,0.0,0.0,0.0,0.0,0.13329088540042733,0.016661360675053416,viz.VizPrimitive(6)
229,1,0.0,10.0,0,0,12.921760692120111,0,0.0,23.725744247436523,0.0,0.0,0.0,0.0,0.1331103722836957,0.016638796535461964,viz.VizPrimitive(6)
230,1,0.0,10.0,0,0,12.938420001509746,0,0.0,23.859018325805664,0.0,0.0,0.0,0.0,0.13327447511707646,0.016659309389634558,viz.VizPrimitive(6)
231,1,0.0,10.0,0,0,12.95511664429398,0,0.0,23.992414474487305,0.0,0.0,0.0,0.0,0.13339591121381034,0.016674488901726292,viz.VizPrimitive(6)
232,1,0.0,10.0,0,0,12.97178908191029,0,0.0,24.125896453857422,0.0,0.0,0.0,0.0,0.13348124468717515,0.016685155585896894,viz.VizPrimitive(6)
233,1,0.0,10.0,0,0,12.988384391194899,0,0.0,24.2589111328125,0.0,0.0,0.0,0.0,0.1330151926403147,0.016626899080039337,viz.VizPrimitive(6)
234,1,0.0,10.0,0,0,13.005089239120803,0,0.0,24.392303466796875,0.0,0.0,0.0,0.0,0.1333926291571288,0.0166740786446411,viz.VizPrimitive(6)
235,1,0.0,10.0,0,0,13.02175470236669,0,0.0,24.525577545166016,0.0,0.0,0.0,0.0,0.13327447511709067,0.016659309389636334,viz.VizPrimitive(6)
236,1,0.0,10.0,0,0,13.038378319390063,0,0.0,24.658838272094727,0.0,0.0,0.0,0.0,0.13326134689042135,0.01665766836130267,viz.VizPrimitive(6)
237,1,0.0,10.0,0,0,13.055081526287633,0,0.0,24.79225730895996,0.0,0.0,0.0,0.0,0.13341888561046744,0.01667736070130843,viz.VizPrimitive(6)
238,1,0.0,10.0,0,0,13.071726476679347,0,0.0,24.9255313873291,0.0,0.0,0.0,0.0,0.13327447511709067,0.016659309389636334,viz.VizPrimitive(6)
239,1,0.0,10.0,0,0,13.08839727326732,0,0.0,25.058874130249023,0.0,0.0,0.0,0.0,0.13334339830711883,0.016667924788389854,viz.VizPrimitive(6)
240,1,0.0,10.0,0,0,13.10505576214279,0,0.0,25.192129135131836,0.0,0.0,0.0,0.0,0.13325478277707248,0.01665684784713406,viz.VizPrimitive(6)
241,1,0.0,10.0,0,0,13.121768815210364,0,0.0,25.32564926147461,0.0,0.0,0.0,0.0,0.13352062936719733,0.016690078670899666,viz.VizPrimitive(6)
242,1,0.0,10.0,0,0,13.13838258606373,0,0.0,25.458585739135742,0.0,0.0,0.0,0.0,0.13293642328028454,0.016617052910035568,viz.VizPrimitive(6)
243,1,0.0,10.0,0,0,13.155016049257107,0,0.0,25.591941833496094,0.0,0.0,0.0,0.0,0.13335652653378816,0.01666956581672352,viz.VizPrimitive(6)
244,1,0.0,10.0,0,0,13.171707358699257,0,0.0,25.725400924682617,0.0,0.0,0.0,0.0,0.13345827029048962,0.016682283786311203,viz.VizPrimitive(6)
245,1,0.0,10.0,0,0,13.188369129631393,0,0.0,25.858537673950195,0.0,0.0,0.0,0.0,0.13313662873703436,0.016642078592129295,viz.VizPrimitive(6)
246,1,0.0,10.0,0,0,13.2050415672477,0,0.0,25.992019653320312,0.0,0.0,0.0,0.0,0.13348124468716094,0.016685155585895117,viz.VizPrimitive(6)
247,1,0.0,10.0,0,0,13.221707440750672,0,0.0,26.125179290771484,0.0,0.0,0.0,0.0,0.13315960313371988,0.016644950391714985,viz.VizPrimitive(6)
248,1,0.0,10.0,0,0,13.238370442454059,0,0.0,26.258525848388672,0.0,0.0,0.0,0.0,0.13334668036377195,0.016668335045471494,viz.VizPrimitive(6)
249,1,0.0,10.0,0,0,13.255208623932102,0,0.0,26.3920955657959,0.0,0.0,0.0,0.0,0.1335698602172073,0.01669623252715091,viz.VizPrimitive(6)
250,1,0.0,10.0,0,0,13.271729266427515,0,0.0,26.525117874145508,0.0,0.0,0.0,0.0,0.13302175675364936,0.01662771959420617,viz.VizPrimitive(6)
251,1,0.0,10.0,0,0,13.288333191110878,0,0.0,26.658458709716797,0.0,0.0,0.0,0.0,0.1333401162504515,0.016667514531306438,viz.VizPrimitive(6)
252,1,0.0,10.0,0,0,13.304998654356767,0,0.0,26.7917537689209,0.0,0.0,0.0,0.0,0.13329416745709466,0.016661770932136832,viz.VizPrimitive(6)
253,1,0.0,10.0,0,0,13.32172114333726,0,0.0,26.925100326538086,0.0,0.0,0.0,0.0,0.13334668036378616,0.01666833504547327,viz.VizPrimitive(6)
254,1,0.0,10.0,0,0,13.338352144988136,0,0.0,27.05846405029297,0.0,0.0,0.0,0.0,0.13336309064712282,0.016670386330890352,viz.VizPrimitive(6)
255,1,0.0,10.0,0,0,13.354979864582342,0,0.0,27.191650390625,0.0,0.0,0.0,0.0,0.13318585958705853,0.016648232448382316,viz.VizPrimitive(6)
256,1,0.0,10.0,0,0,13.371675276595326,0,0.0,27.324878692626953,0.0,0.0,0.0,0.0,0.13322852632373383,0.01665356579046673,viz.VizPrimitive(6)
257,1,0.0,10.0,0,0,13.388692740418856,0,0.0,27.4593448638916,0.0,0.0,0.0,0.0,0.13446586168755914,0.016808232710944893,viz.VizPrimitive(6)
258,1,0.0,10.0,0,0,13.405205588029684,0,0.0,27.59227752685547,0.0,0.0,0.0,0.0,0.1329331412236172,0.01661664265295215,viz.VizPrimitive(6)
259,1,0.0,10.0,0,0,13.421722538211345,0,0.0,27.725069046020508,0.0,0.0,0.0,0.0,0.13279201278689357,0.016599001598361696,viz.VizPrimitive(6)
260,1,0.0,10.0,0,0,13.438656309589842,0,0.0,27.85932731628418,0.0,0.0,0.0,0.0,0.13425909211748888,0.01678238651468611,viz.VizPrimitive(6)
261,1,0.0,10.0,0,0,13.455214285479853,0,0.0,27.992244720458984,0.0,0.0,0.0,0.0,0.13291673094028056,0.01661459136753507,viz.VizPrimitive(6)
262,1,0.0,10.0,0,0,13.471710312550258,0,0.0,28.124998092651367,0.0,0.0,0.0,0.0,0.13275262810687138,0.016594078513358923,viz.VizPrimitive(6)
263,1,0.0,10.0,0,0,13.488841417585917,0,0.0,28.26004409790039,0.0,0.0,0.0,0.0,0.1350467857178046,0.016880848214725575,viz.VizPrimitive(6)
264,1,0.0,10.0,0,0,13.505455598696367,0,0.0,28.393341064453125,0.0,0.0,0.0,0.0,0.133297449513762,0.01666218118922025,viz.VizPrimitive(6)
265,1,0.0,10.0,0,0,13.522644139723717,0,0.0,28.52655029296875,0.0,0.0,0.0,0.0,0.13320883398372985,0.01665110424796623,viz.VizPrimitive(6)
266,1,0.0,10.0,0,0,13.538572370990558,0,0.0,28.658872604370117,0.0,0.0,0.0,0.0,0.13232267868336578,0.016540334835420722,viz.VizPrimitive(6)
267,1,0.0,10.0,0,0,13.555499578255718,0,0.0,28.793052673339844,0.0,0.0,0.0,0.0,0.13418032275745873,0.01677254034468234,viz.VizPrimitive(6)
268,1,0.0,10.0,0,0,13.571887297456078,0,0.0,28.925500869750977,0.0,0.0,0.0,0.0,0.13244739683675277,0.016555924604594097,viz.VizPrimitive(6)
269,1,0.0,10.0,0,0,13.588357478330222,0,0.0,29.058032989501953,0.0,0.0,0.0,0.0,0.13253273031011759,0.016566591288764698,viz.VizPrimitive(6)
270,1,0.0,10.0,0,0,13.605030326203613,0,0.0,29.191320419311523,0.0,0.0,0.0,0.0,0.13328760334376,0.01666095041797,viz.VizPrimitive(6)
271,1,0.0,10.0,0,0,13.622244713427223,0,0.0,29.326507568359375,0.0,0.0,0.0,0.0,0.13518791415452824,0.01689848926931603,viz.VizPrimitive(6)
272,1,0.0,10.0,0,0,13.638680842963435,0,0.0,29.458938598632812,0.0,0.0,0.0,0.0,0.13243098655341612,0.016553873319177015,viz.VizPrimitive(6)
273,1,0.0,10.0,0,0,13.655011126172106,0,0.0,29.591251373291016,0.0,0.0,0.0,0.0,0.1323128325133638,0.016539104064170473,viz.VizPrimitive(6)
274,1,0.0,10.0,0,0,13.671725820268014,0,0.0,29.724634170532227,0.0,0.0,0.0,0.0,0.1333827829871268,0.01667284787339085,viz.VizPrimitive(6)
275,1,0.0,10.0,0,0,13.688289539757195,0,0.0,29.85776138305664,0.0,0.0,0.0,0.0,0.13312678256703236,0.016640847820879046,viz.VizPrimitive(6)
276,1,0.0,10.0,0,0,13.704989464598096,0,0.0,29.99107551574707,0.0,0.0,0.0,0.0,0.13331385979709864,0.01666423247463733,viz.VizPrimitive(6)
277,1,0.0,10.0,0,0,13.721613491878552,0,0.0,30.124303817749023,0.0,0.0,0.0,0.0,0.13322852632373383,0.01665356579046673,viz.VizPrimitive(6)
278,1,-10.0,-5.0,0,1,13.738726545602537,0,0.0,30.25942611694336,0.0,0.0,0.0,0.0,0.13512227302116742,0.016890284127645927,viz.VizPrimitive(6)
279,1,-10.0,-5.0,0,1,13.75539611141926,0,0.0,30.39263153076172,0.0,0.0,0.0,0.0,0.13320555192706252,0.016650693990882814,viz.VizPrimitive(6)
280,1,-10.0,-5.0,0,1,13.772458703521975,0,0.0,30.529369354248047,0.0,0.0,0.0,0.0,0.13673704490182104,0.01709213061272763,viz.VizPrimitive(6)
281,1,-10.0,-5.0,0,1,13.788820576526074,0,0.0,30.659204483032227,0.0,0.0,0.0,0.0,0.12983487972903163,0.016229359966128953,viz.VizPrimitive(6)
282,1,-10.0,-5.0,0,1,13.80512337251015,0,0.0,30.791645050048828,0.0,0.0,0.0,0.0,0.1324408327234181,0.016555104090427264,viz.VizPrimitive(6)
283,1,-10.0,-5.0,0,1,13.821995195069038,0,0.0,30.92570686340332,0.0,0.0,0.0,0.0,0.1340621687174064,0.0167577710896758,viz.VizPrimitive(6)
284,1,-10.0,-5.0,0,1,13.838546606845714,0,0.0,31.057878494262695,0.0,0.0,0.0,0.0,0.13217170407664014,0.016521463009580017,viz.VizPrimitive(6)
285,1,-10.0,-5.0,0,1,13.855516891104642,0,0.0,31.193483352661133,0.0,0.0,0.0,0.0,0.13560473535135031,0.01695059191891879,viz.VizPrimitive(6)
286,1,-10.0,-5.0,0,1,13.871775379323699,0,0.0,31.32454490661621,0.0,0.0,0.0,0.0,0.13106236892286915,0.016382796115358644,viz.VizPrimitive(6)
287,1,-10.0,-5.0,0,1,13.888201252432825,0,0.0,31.457244873046875,0.0,0.0,0.0,0.0,0.1327001152001941,0.01658751440002426,viz.VizPrimitive(6)
288,1,-10.0,-5.0,0,1,13.905256459908037,0,0.0,31.59220314025879,0.0,0.0,0.0,0.0,0.13495817018775824,0.01686977127346978,viz.VizPrimitive(6)
289,1,-10.0,-5.0,0,1,13.922639052535882,0,0.0,31.72841453552246,0.0,0.0,0.0,0.0,0.13621191583494863,0.01702648947936858,viz.VizPrimitive(6)
290,1,-10.0,-5.0,0,1,13.938633745450248,0,0.0,31.858768463134766,0.0,0.0,0.0,0.0,0.13035344468256937,0.016294180585321172,viz.VizPrimitive(6)
291,1,-10.0,-5.0,0,1,13.95506495190146,0,0.0,31.99160385131836,0.0,0.0,0.0,0.0,0.13283467952358308,0.016604334940447885,viz.VizPrimitive(6)
292,1,-10.0,-5.0,0,1,13.971956056543272,0,0.0,32.12480926513672,0.0,0.0,0.0,0.0,0.1332055519270483,0.016650693990881038,viz.VizPrimitive(6)
293,1,-10.0,-5.0,0,1,13.988640801872085,0,0.0,32.25875473022461,0.0,0.0,0.0,0.0,0.13394401467736827,0.016743001834671034,viz.VizPrimitive(6)
294,1,-10.0,-5.0,0,1,14.005509342374307,0,0.0,32.39300537109375,0.0,0.0,0.0,0.0,0.13425252800414,0.0167815660005175,viz.VizPrimitive(6)
295,1,-10.0,-5.0,0,1,14.021729676684599,0,0.0,32.52421188354492,0.0,0.0,0.0,0.0,0.13120677941626013,0.016400847427032517,viz.VizPrimitive(6)
296,1,-10.0,-5.0,0,1,14.038306114143367,0,0.0,32.657081604003906,0.0,0.0,0.0,0.0,0.13287078214692372,0.016608847768365465,viz.VizPrimitive(6)
297,1,-10.0,-5.0,0,1,14.055271885574376,0,0.0,32.79167556762695,0.0,0.0,0.0,0.0,0.13459386189761346,0.016824232737201683,viz.VizPrimitive(6)
298,1,-10.0,-5.0,0,1,14.071705553568089,0,0.0,32.92405319213867,0.0,0.0,0.0,0.0,0.13237847364672461,0.016547309205840577,viz.VizPrimitive(6)
299,1,-10.0,-5.0,0,1,14.088202811409742,0,0.0,33.056793212890625,0.0,0.0,0.0,0.0,0.13273949988020206,0.016592437485025258,viz.VizPrimitive(6)
300,1,-10.0,-5.0,0,1,14.10532776258915,0,0.0,33.19167709350586,0.0,0.0,0.0,0.0,0.13488268288440963,0.016860335360551204,viz.VizPrimitive(6)
301,1,-10.0,-5.0,0,1,14.12198296940795,0,0.0,33.324893951416016,0.0,0.0,0.0,0.0,0.13321868015373184,0.01665233501921648,viz.VizPrimitive(6)
302,1,-10.0,-5.0,0,1,14.138222175544083,0,0.0,33.456787109375,0.0,0.0,0.0,0.0,0.13189272925986018,0.016486591157482522,viz.VizPrimitive(6)
303,1,-10.0,-5.0,0,1,14.155165793092584,0,0.0,33.59108352661133,0.0,0.0,0.0,0.0,0.13429519474082952,0.01678689934260369,viz.VizPrimitive(6)
304,1,-10.0,-5.0,0,1,14.171696281758,0,0.0,33.724021911621094,0.0,0.0,0.0,0.0,0.13293970533695187,0.016617463167118984,viz.VizPrimitive(6)
305,1,-10.0,-5.0,0,1,14.188342462920966,0,0.0,33.857261657714844,0.0,0.0,0.0,0.0,0.13324165455041737,0.01665520681880217,viz.VizPrimitive(6)
306,1,-10.0,-5.0,0,1,14.20500054153935,0,0.0,33.99044418334961,0.0,0.0,0.0,0.0,0.133182577530377,0.016647822191297124,viz.VizPrimitive(6)
307,1,-10.0,-5.0,0,1,14.221694312524,0,0.0,34.123592376708984,0.0,0.0,0.0,0.0,0.13314647490703635,0.016643309363379544,viz.VizPrimitive(6)
308,1,-10.0,-5.0,0,1,14.238489006751191,0,0.0,34.25822448730469,0.0,0.0,0.0,0.0,0.13463324657763565,0.016829155822204456,viz.VizPrimitive(6)
309,1,-10.0,-5.0,0,1,14.256682267376029,0,0.0,34.4002685546875,0.0,0.0,0.0,0.0,0.1420441305339608,0.0177555163167451,viz.VizPrimitive(6)
310,1,-10.0,-5.0,0,1,14.271724343342512,0,0.0,34.524044036865234,0.0,0.0,0.0,0.0,0.12377620311991677,0.015472025389989597,viz.VizPrimitive(6)
311,1,-10.0,-5.0,0,1,14.288151857479972,0,0.0,34.65647506713867,0.0,0.0,0.0,0.0,0.13243098655341612,0.016553873319177015,viz.VizPrimitive(6)
312,1,-10.0,-5.0,0,1,14.304816910468777,0,0.0,34.78987503051758,0.0,0.0,0.0,0.0,0.13339919327047767,0.01667489915880971,viz.VizPrimitive(6)
313,1,-10.0,-5.0,0,1,14.321970579644029,0,0.0,34.92475891113281,0.0,0.0,0.0,0.0,0.13488268288439542,0.016860335360549428,viz.VizPrimitive(6)
314,1,-10.0,-5.0,0,1,14.344442001135592,0,0.0,35.10634231567383,359.2055740952492,-1,-35.0,-0.7944259190579217,0.18158306721323925,0.022697883401654906,viz.VizPrimitive(6)
315,1,-10.0,-5.0,0,1,14.35482724894728,0,-0.0011574752861633897,35.189815521240234,358.8403385877609,-1,-35.0,-0.36523547115566934,0.08348239340701014,0.010435299175876267,viz.VizPrimitive(6)
316,1,-10.0,-5.0,0,1,14.371634661144059,0,-0.0038602014537900686,35.32332992553711,358.256085395813,-1,-35.0,-0.5842532664668632,0.13354360376385443,0.016692950470481804,viz.VizPrimitive(6)
317,1,-10.0,-5.0,0,1,14.388227919143253,0,-0.007914159446954727,35.45648193359375,357.67328238487244,-1,-35.0,-0.5828030076767376,0.13321211604039718,0.016651514505049647,viz.VizPrimitive(6)
318,1,-10.0,-5.0,0,1,14.404713279529485,0,-0.013310009613633156,35.58928298950195,357.0918004512787,-1,-35.0,-0.5814819798678883,0.1329101668269459,0.016613770853368237,viz.VizPrimitive(6)
319,1,-10.0,-5.0,0,1,14.4214029479433,0,-0.02006414532661438,35.72223663330078,356.50938510894775,-1,-35.0,-0.582415314732847,0.13312350051036503,0.01664043756379563,viz.VizPrimitive(6)
320,1,-10.0,-5.0,0,1,14.438111898440038,0,-0.028206143528223038,35.855716705322266,355.9243278503418,-1,-35.0,-0.5850573703505457,0.1337273989372676,0.01671592486715845,viz.VizPrimitive(6)
321,1,-10.0,-5.0,0,1,14.454712130809652,0,-0.03765725716948509,35.98835754394531,355.3425588607788,-1,-35.0,-0.5817691598262797,0.1329758079602925,0.016621975995036564,viz.VizPrimitive(6)
322,1,-10.0,-5.0,0,1,14.471368158142619,0,-0.048478905111551285,36.121192932128906,354.7594828605652,-1,-35.0,-0.5830758286372717,0.13327447511709067,0.016659309389636334,viz.VizPrimitive(6)
323,1,-10.0,-5.0,0,1,14.48803977524476,0,-0.060654167085886,36.253936767578125,354.1762914657593,-1,-35.0,-0.5831907006206283,0.13330073157042932,0.016662591446303665,viz.VizPrimitive(6)
324,1,-10.0,-5.0,0,1,14.504701135919813,0,-0.07417958974838257,36.38654708862305,353.59311532974243,-1,-35.0,-0.5831763416227087,0.133297449513762,0.01666218118922025,viz.VizPrimitive(6)
325,1,-10.0,-5.0,0,1,14.52136290685195,0,-0.08905329555273056,36.519004821777344,353.0099678039551,-1,-35.0,-0.5831476236268696,0.13329088540042733,0.016661360675053416,viz.VizPrimitive(6)
326,1,-10.0,-5.0,0,1,14.538041088067427,0,-0.10528593510389328,36.651397705078125,352.4264039993286,-1,-35.0,-0.5835640345666615,0.13338606504380834,0.016673258130476043,viz.VizPrimitive(6)
327,1,-10.0,-5.0,0,1,14.554753320620835,0,-0.12287827581167221,36.78371047973633,351.8424377441406,-1,-35.0,-0.5839660865084095,0.1334779626304936,0.0166847453288117,viz.VizPrimitive(6)
328,1,-10.0,-5.0,0,1,14.571375296615871,0,-0.1417553722858429,36.91539764404297,351.2604103088379,-1,-35.0,-0.5820276217889564,0.1330348849803329,0.01662936062254161,viz.VizPrimitive(6)
329,1,-10.0,-5.0,0,1,14.58798906746924,0,-0.16202205419540405,37.04723358154297,350.6768608093262,-1,-35.0,-0.5835496755686798,0.1333827829871268,0.01667284787339085,viz.VizPrimitive(6)
330,1,-10.0,-5.0,0,1,14.604661505085547,0,-0.18361230194568634,37.17874526977539,350.09379863739014,-1,-35.0,-0.5830614696393521,0.13327119306042334,0.016658899132552918,viz.VizPrimitive(6)
331,1,-10.0,-5.0,0,1,14.62136142992645,0,-0.20653124153614044,37.30998229980469,349.5109529495239,-1,-35.0,-0.5828460846704964,0.13322196221039917,0.016652745276299896,viz.VizPrimitive(6)
332,1,-10.0,-5.0,0,1,14.637987918749406,0,-0.23079054057598114,37.44101333618164,348.9279489517212,-1,-35.0,-0.5830040336476117,0.1332580648337398,0.016657258104217476,viz.VizPrimitive(6)
333,1,-10.0,-5.0,0,1,14.654666099964883,0,-0.2564058005809784,37.57191467285156,348.3443994522095,-1,-35.0,-0.5835496755686798,0.1333827829871268,0.01667284787339085,viz.VizPrimitive(6)
334,1,-10.0,-5.0,0,1,14.671332793982021,0,-0.2833482623100281,37.7025260925293,347.760950088501,-1,-35.0,-0.5834491625832428,0.1333598085904555,0.016669976073806936,viz.VizPrimitive(6)
335,1,-10.0,-5.0,0,1,14.687961744347477,0,-0.3116033375263214,37.83278274536133,347.17783069610596,-1,-35.0,-0.5831189056310304,0.13328432128709267,0.016660540160886583,viz.VizPrimitive(6)
336,1,-10.0,-5.0,0,1,14.704653053789627,0,-0.34117236733436584,37.96269989013672,346.594913482666,-1,-35.0,-0.5829178796601564,0.13323837249375003,0.016654796561718754,viz.VizPrimitive(6)
337,1,-10.0,-5.0,0,1,14.72143872236098,0,-0.3722130060195923,38.09294509887695,346.0091381072998,-1,-35.0,-0.5857753202466487,0.13389150177066256,0.01673643772133282,viz.VizPrimitive(6)
338,1,-10.0,-5.0,0,1,14.737971262311815,0,-0.40429553389549255,38.221710205078125,345.42857551574707,-1,-35.0,-0.5805630040008491,0.1327001152001941,0.01658751440002426,viz.VizPrimitive(6)
339,1,-10.0,-5.0,0,1,14.754648623013125,0,-0.4378668963909149,38.35085678100586,344.8447799682617,-1,-35.0,-0.5837937785333747,0.13343857795048564,0.016679822243810705,viz.VizPrimitive(6)
340,1,-10.0,-5.0,0,1,14.771303419574842,0,-0.47268545627593994,38.479408264160156,344.2621078491211,-1,-35.0,-0.5826737766953993,0.133182577530377,0.016647822191297124,viz.VizPrimitive(6)
341,1,-10.0,-5.0,0,1,14.787970113591982,0,-0.5088567137718201,38.607765197753906,343.67867279052734,-1,-35.0,-0.5834348035853232,0.13335652653378816,0.01666956581672352,viz.VizPrimitive(6)
342,1,-10.0,-5.0,0,1,14.80469875642873,0,-0.5464373230934143,38.73610305786133,343.67867279052734,0.0,0.0,0.0,0.1337273989372676,0.01671592486715845,viz.VizPrimitive(6)
343,1,-10.0,-5.0,0,1,14.821309655482512,0,-0.5837679505348206,38.86358642578125,343.67867279052734,0.0,0.0,0.0,0.1328379615802504,0.0166047451975313,viz.VizPrimitive(6)
344,1,-10.0,-5.0,0,1,14.838071118885939,0,-0.6214241981506348,38.992183685302734,343.67867279052734,0.0,0.0,0.0,0.13399652758404557,0.016749565948005696,viz.VizPrimitive(6)
345,1,-10.0,-5.0,0,1,14.854601607551356,0,-0.6586838364601135,39.11942672729492,343.67867279052734,0.0,0.0,0.0,0.1325852432168091,0.016573155402101136,viz.VizPrimitive(6)
346,1,-10.0,-5.0,0,1,14.8713228657606,0,-0.6961952447891235,39.247528076171875,343.67867279052734,0.0,0.0,0.0,0.13348124468717515,0.016685155585896894,viz.VizPrimitive(6)
347,1,-10.0,-5.0,0,1,14.887938277642302,0,-0.7335895299911499,39.37522888183594,343.67867279052734,0.0,0.0,0.0,0.13306442349032466,0.016633052936290582,viz.VizPrimitive(6)
348,1,-10.0,-5.0,0,1,14.904605381916525,0,-0.7710732817649841,39.50323486328125,343.67867279052734,0.0,0.0,0.0,0.133382782987141,0.016672847873392627,viz.VizPrimitive(6)
349,1,-10.0,-5.0,0,1,14.921359460692448,0,-0.8086437582969666,39.63153839111328,343.67867279052734,0.0,0.0,0.0,0.13369129631391274,0.016711412039239093,viz.VizPrimitive(6)
350,1,-10.0,-5.0,0,1,14.937911692983292,0,-0.8459873199462891,39.75906753540039,343.67867279052734,0.0,0.0,0.0,0.13288391037360725,0.016610488796700906,viz.VizPrimitive(6)
351,1,-10.0,-5.0,0,1,14.954580438285848,0,-0.8834277391433716,39.88692855834961,343.67867279052734,0.0,0.0,0.0,0.13322852632373383,0.01665356579046673,viz.VizPrimitive(6)
352,1,-10.0,-5.0,0,1,14.97129800418134,0,-0.9209686517715454,40.015132904052734,343.67867279052734,0.0,0.0,0.0,0.13358627050054395,0.016698283812567993,viz.VizPrimitive(6)
353,1,-10.0,-5.0,0,1,14.987955672542643,0,-0.958432137966156,40.143070220947266,343.67867279052734,0.0,0.0,0.0,0.1333105777404313,0.016663822217553914,viz.VizPrimitive(6)
354,1,-10.0,-5.0,0,1,15.004575597252263,0,-0.9958670139312744,40.270912170410156,343.67867279052734,0.0,0.0,0.0,0.13320883398372985,0.01665110424796623,viz.VizPrimitive(6)
355,1,-10.0,-5.0,0,1,15.021245983583153,0,-1.0332677364349365,40.39863586425781,343.67867279052734,0.0,0.0,0.0,0.13308739788701018,0.016635924735876273,viz.VizPrimitive(6)
356,1,-10.0,-5.0,0,1,15.03788190831903,0,-1.0707570314407349,40.52666091918945,343.67867279052734,0.0,0.0,0.0,0.133402475327145,0.016675309415893125,viz.VizPrimitive(6)
357,1,-10.0,-5.0,0,1,15.054556397220756,0,-1.1081836223602295,40.65447235107422,343.67867279052734,0.0,0.0,0.0,0.13317929547370966,0.016647411934213707,viz.VizPrimitive(6)
358,1,-10.0,-5.0,0,1,15.071207091211637,0,-1.145674705505371,40.78250503540039,343.67867279052734,0.0,0.0,0.0,0.13340903944047966,0.016676129930059957,viz.VizPrimitive(6)
359,1,-10.0,-5.0,0,1,15.087884041655863,0,-1.1831215620040894,40.91038513183594,343.67867279052734,0.0,0.0,0.0,0.13325150072040515,0.016656437590050643,viz.VizPrimitive(6)
360,1,-10.0,-5.0,0,1,15.10454704335925,0,-1.2205721139907837,41.03828048706055,343.67867279052734,0.0,0.0,0.0,0.13326462894708868,0.016658078618386085,viz.VizPrimitive(6)
361,1,-10.0,-5.0,0,1,15.121250250256821,0,-1.25811767578125,41.166500091552734,343.67867279052734,0.0,0.0,0.0,0.1336026807838806,0.016700335097985075,viz.VizPrimitive(6)
362,1,-10.0,-5.0,0,1,15.137878380108111,0,-1.295497179031372,41.294151306152344,343.67867279052734,0.0,0.0,0.0,0.13301191058364736,0.01662648882295592,viz.VizPrimitive(6)
363,1,-10.0,-5.0,0,1,15.154529484356077,0,-1.3329486846923828,41.42205047607422,343.67867279052734,0.0,0.0,0.0,0.133267911003756,0.0166584888754695,viz.VizPrimitive(6)
364,1,-10.0,-5.0,0,1,15.17115310137945,0,-1.370388150215149,41.54990768432617,343.67867279052734,0.0,0.0,0.0,0.1332252442670665,0.016653155533383313,viz.VizPrimitive(6)
365,1,-10.0,-5.0,0,1,15.187825128738673,0,-1.4078636169433594,41.677886962890625,343.67867279052734,0.0,0.0,0.0,0.13335324447712082,0.016669155559640103,viz.VizPrimitive(6)
366,1,-10.0,-5.0,0,1,15.204539412577498,0,-1.4453418254852295,41.80587387084961,343.67867279052734,0.0,0.0,0.0,0.13336309064712282,0.016670386330890352,viz.VizPrimitive(6)
367,1,-10.0,-5.0,0,1,15.221146209060446,0,-1.4827896356582642,41.93375778198242,343.67867279052734,0.0,0.0,0.0,0.1332547827770867,0.016656847847135836,viz.VizPrimitive(6)
368,1,-10.0,-5.0,0,1,15.237839159530928,0,-1.5202475786209106,42.061676025390625,343.67867279052734,0.0,0.0,0.0,0.13329088540042733,0.016661360675053416,viz.VizPrimitive(6)
369,1,-10.0,-5.0,0,1,15.254604315248107,0,-1.557843804359436,42.190067291259766,343.67867279052734,0.0,0.0,0.0,0.13378319390062643,0.016722899237578304,viz.VizPrimitive(6)
370,1,-10.0,-5.0,0,1,15.27124803486857,0,-1.595207691192627,42.317665100097656,343.67867279052734,0.0,0.0,0.0,0.13295611562028853,0.016619514452536066,viz.VizPrimitive(6)
371,1,-10.0,-5.0,0,1,15.287803138958997,0,-1.6326425075531006,42.44550704956055,343.67867279052734,0.0,0.0,0.0,0.13320883398372985,0.01665110424796623,viz.VizPrimitive(6)
372,1,-10.0,-5.0,0,1,15.304530961281579,0,-1.6701751947402954,42.57368087768555,343.67867279052734,0.0,0.0,0.0,0.13355673199052376,0.01669459149881547,viz.VizPrimitive(6)
373,1,-10.0,-5.0,0,1,15.32114062956411,0,-1.7075501680374146,42.701316833496094,343.67867279052734,0.0,0.0,0.0,0.1329955003003107,0.01662443753753884,viz.VizPrimitive(6)
374,1,-10.0,-5.0,0,1,15.337826605664175,0,-1.7450348138809204,42.82932662963867,343.67867279052734,0.0,0.0,0.0,0.13338606504380834,0.016673258130476043,viz.VizPrimitive(6)
375,1,-10.0,-5.0,0,1,15.35445186371588,0,-1.782490849494934,42.95724105834961,343.67867279052734,0.0,0.0,0.0,0.13328432128707846,0.016660540160884807,viz.VizPrimitive(6)
376,1,-10.0,-5.0,0,1,15.371141121872611,0,-1.8199340105056763,43.08510971069336,343.67867279052734,0.0,0.0,0.0,0.13323837249375003,0.016654796561718754,viz.VizPrimitive(6)
377,1,-10.0,-5.0,0,1,15.387805764604332,0,-1.857407569885254,43.21308135986328,343.67867279052734,0.0,0.0,0.0,0.13334668036378616,0.01666833504547327,viz.VizPrimitive(6)
378,1,-10.0,-5.0,0,1,15.404484766333976,0,-1.8949679136276245,43.34135055541992,343.67867279052734,0.0,0.0,0.0,0.1336551936905721,0.016706899211321513,viz.VizPrimitive(6)
379,1,-10.0,-5.0,0,1,15.421132588525275,0,-1.9323123693466187,43.4688835144043,343.67867279052734,0.0,0.0,0.0,0.13288719243026037,0.016610899053782546,viz.VizPrimitive(6)
380,1,-10.0,-5.0,0,1,15.43781405179742,0,-1.969819188117981,43.59696960449219,343.67867279052734,0.0,0.0,0.0,0.13346483440382428,0.016683104300478035,viz.VizPrimitive(6)
381,1,-10.0,-5.0,0,1,15.454492233012896,0,-2.0073390007019043,43.725101470947266,344.2627811431885,1,35.0,0.5841096764877296,0.13351078319719534,0.016688847899649417,viz.VizPrimitive(6)
382,1,-10.0,-5.0,0,1,15.471107234637513,0,-2.0434000492095947,43.85307312011719,344.8444652557373,1,35.0,0.5816830058387623,0.13295611562028853,0.016619514452536066,viz.VizPrimitive(6)
383,1,-10.0,-5.0,0,1,15.487755467085895,0,-2.078258752822876,43.98176956176758,345.4277973175049,1,35.0,0.583334290599824,0.13333355213710263,0.01666669401713783,viz.VizPrimitive(6)
384,1,-10.0,-5.0,0,1,15.504456622698047,0,-2.1117889881134033,44.11075210571289,346.0108470916748,1,35.0,0.5830471106414326,0.133267911003756,0.0166584888754695,viz.VizPrimitive(6)
385,1,-10.0,-5.0,0,1,15.521527419942434,0,-2.144286632537842,44.2411994934082,346.59899044036865,1,35.0,0.5881445549038755,0.13443304112088583,0.01680413014011073,viz.VizPrimitive(6)
386,1,-10.0,-5.0,0,1,15.538143652338302,0,-2.175196409225464,44.370933532714844,347.18246841430664,1,35.0,0.5834778805790819,0.13336637270379015,0.01667079658797377,viz.VizPrimitive(6)
387,1,-10.0,-5.0,0,1,15.554640910179955,0,-2.2047243118286133,44.50071716308594,347.76478385925293,1,35.0,0.58231480174741,0.13310052611369372,0.016637565764211715,viz.VizPrimitive(6)
388,1,-10.0,-5.0,0,1,15.571457348032572,0,-2.2329225540161133,44.63075256347656,348.3469123840332,1,35.0,0.5821281347743312,0.13305785937699,0.01663223242212375,viz.VizPrimitive(6)
389,1,-10.0,-5.0,0,1,15.587868041629607,0,-2.2597339153289795,44.76075744628906,348.9276466369629,1,35.0,0.5807353119759462,0.13273949988021627,0.016592437485027034,viz.VizPrimitive(6)
390,1,-10.0,-5.0,0,1,15.604424786748368,0,-2.2853102684020996,44.89145278930664,349.51029205322266,1,35.0,0.5826450586995602,0.13317601341704233,0.01664700167713029,viz.VizPrimitive(6)
391,1,-10.0,-5.0,0,1,15.621628507287808,0,-2.309889554977417,45.02420425415039,350.10094928741455,1,35.0,0.5906573795402981,0.13500740103778242,0.016875925129722802,viz.VizPrimitive(6)
392,1,-10.0,-5.0,0,1,15.63888433047685,0,-2.3338613510131836,45.16157150268555,350.7110061645508,1,35.0,0.6100563857335572,0.13944145959624166,0.017430182449530207,viz.VizPrimitive(6)
393,1,-10.0,-5.0,0,1,15.655107126329643,0,-2.3545961380004883,45.28834533691406,350.7110061645508,0.0,0.0,0.0,0.12845641592848267,0.016057051991060334,viz.VizPrimitive(6)
394,1,-10.0,-5.0,0,1,15.671770538290115,0,-2.375885486602783,45.41850662231445,350.7110061645508,0.0,0.0,0.0,0.13189272925986018,0.016486591157482522,viz.VizPrimitive(6)
395,1,-10.0,-5.0,0,1,15.68796297511873,0,-2.3972411155700684,45.549076080322266,350.7110061645508,0.0,0.0,0.0,0.1323029863433618,0.016537873292920224,viz.VizPrimitive(6)
396,1,-10.0,-5.0,0,1,15.704472950929972,0,-2.4186713695526123,45.68009948730469,350.7110061645508,0.0,0.0,0.0,0.13276575633355492,0.016595719541694365,viz.VizPrimitive(6)
397,1,-10.0,-5.0,0,1,15.721227029705895,0,-2.4401965141296387,45.811702728271484,350.7110061645508,0.0,0.0,0.0,0.13335324447712082,0.016669155559640103,viz.VizPrimitive(6)
398,1,-10.0,-5.0,0,1,15.73777474916882,0,-2.4616973400115967,45.94315719604492,350.7110061645508,0.0,0.0,0.0,0.13320226987038097,0.01665028373379762,viz.VizPrimitive(6)
399,1,-10.0,-5.0,0,1,15.754448417556379,0,-2.4832241535186768,46.074771881103516,350.7110061645508,0.0,0.0,0.0,0.13336309064712282,0.016670386330890352,viz.VizPrimitive(6)
400,1,-10.0,-5.0,0,1,15.771578291820788,0,-2.5050384998321533,46.20814514160156,350.7110061645508,0.0,0.0,0.0,0.13514524741783873,0.01689315592722984,viz.VizPrimitive(6)
401,1,-10.0,-5.0,0,1,15.78814816516622,0,-2.526487350463867,46.33928298950195,350.7110061645508,0.0,0.0,0.0,0.13288062831693992,0.01661007853961749,viz.VizPrimitive(6)
402,1,-10.0,-5.0,0,1,15.804650346092876,0,-2.5478620529174805,46.469966888427734,350.7110061645508,0.0,0.0,0.0,0.13242114038339992,0.01655264254792499,viz.VizPrimitive(6)
403,1,-10.0,-5.0,0,1,15.821233757922064,0,-2.5693156719207764,46.60113525390625,350.7110061645508,0.0,0.0,0.0,0.1329101668269459,0.016613770853368237,viz.VizPrimitive(6)
404,1,-10.0,-5.0,0,1,15.837687938769951,0,-2.5907745361328125,46.73233413696289,350.7110061645508,0.0,0.0,0.0,0.1329429873936192,0.0166178734242024,viz.VizPrimitive(6)
405,1,-10.0,-5.0,0,1,15.85445186371588,0,-2.612412929534912,46.86463165283203,350.7110061645508,0.0,0.0,0.0,0.13405560460407173,0.016756950575508966,viz.VizPrimitive(6)
406,1,-10.0,-5.0,0,1,15.871220301489727,0,-2.6339030265808105,46.99602127075195,350.7110061645508,0.0,0.0,0.0,0.13313662873703436,0.016642078592129295,viz.VizPrimitive(6)
407,1,-10.0,-5.0,0,1,15.887903405790205,0,-2.6556050777435303,47.12870788574219,350.7110061645508,0.0,0.0,0.0,0.1344494514042225,0.01680618142552781,viz.VizPrimitive(6)
408,1,-10.0,-5.0,0,1,15.904351432781839,0,-2.676837205886841,47.258522033691406,350.7110061645508,0.0,0.0,0.0,0.1315382671397174,0.016442283392464674,viz.VizPrimitive(6)
409,1,-10.0,-5.0,0,1,15.920995152402302,0,-2.698331594467163,47.38993835449219,350.7110061645508,0.0,0.0,0.0,0.13316288519038721,0.016645360648798402,viz.VizPrimitive(6)
410,1,-10.0,-5.0,0,1,15.938068821446272,0,-2.7201099395751953,47.52309036254883,350.7110061645508,0.0,0.0,0.0,0.1349220675644176,0.0168652584455522,viz.VizPrimitive(6)
411,1,-10.0,-5.0,0,1,15.95474946420425,0,-2.7416224479675293,47.65461730957031,350.7110061645508,0.0,0.0,0.0,0.13327447511707646,0.016659309389634558,viz.VizPrimitive(6)
412,1,-10.0,-5.0,0,1,15.97124508101757,0,-2.763094663619995,47.78589630126953,350.7110061645508,0.0,0.0,0.0,0.1330250388103309,0.016628129851291362,viz.VizPrimitive(6)
413,1,-10.0,-5.0,0,1,15.987716492662964,0,-2.784475088119507,47.91661834716797,350.7110061645508,0.0,0.0,0.0,0.13245724300675477,0.016557155375844346,viz.VizPrimitive(6)
414,1,-10.0,-5.0,0,1,16.00459405882102,0,-2.806098699569702,48.048824310302734,350.7110061645508,0.0,0.0,0.0,0.13396370701735805,0.016745463377169756,viz.VizPrimitive(6)
415,1,-10.0,-5.0,0,1,16.021366599165702,0,-2.827643871307373,48.1805534362793,350.7110061645508,0.0,0.0,0.0,0.13347796263050782,0.016684745328813477,viz.VizPrimitive(6)
416,1,-10.0,-5.0,0,1,16.03766119000811,0,-2.8489882946014404,48.31105422973633,350.7110061645508,0.0,0.0,0.0,0.13223406315333364,0.016529257894166705,viz.VizPrimitive(6)
417,1,-10.0,-5.0,0,1,16.054295063458564,0,-2.870502233505249,48.44259262084961,350.7110061645508,0.0,0.0,0.0,0.13328432128707846,0.016660540160884807,viz.VizPrimitive(6)
418,1,-10.0,-5.0,0,1,16.07094821899195,0,-2.8919880390167236,48.57395935058594,350.7110061645508,0.0,0.0,0.0,0.13311037228370992,0.01663879653546374,viz.VizPrimitive(6)
419,1,-10.0,-5.0,0,1,16.08760793863867,0,-2.913508415222168,48.705535888671875,350.7110061645508,0.0,0.0,0.0,0.13332370596708643,0.016665463245885803,viz.VizPrimitive(6)
420,1,-10.0,-5.0,0,1,16.10446253040005,0,-2.9350812435150146,48.837432861328125,350.7110061645508,0.0,0.0,0.0,0.13364862957723744,0.01670607869715468,viz.VizPrimitive(6)
421,1,-10.0,-5.0,0,1,16.121009429348806,0,-2.9566550254821777,48.96933364868164,350.12626457214355,-1,-35.0,-0.5847414723963773,0.13365519369060053,0.016706899211325066,viz.VizPrimitive(6)
422,1,-10.0,-5.0,0,1,16.138096636876533,0,-2.97969651222229,49.101715087890625,349.5383930206299,-1,-35.0,-0.5878717339433415,0.13437068204419234,0.016796335255524042,viz.VizPrimitive(6)
423,1,-10.0,-5.0,0,1,16.154856048994542,0,-3.003938913345337,49.23300552368164,348.95428371429443,-1,-35.0,-0.5841096764876674,0.13351078319718113,0.01668884789964764,viz.VizPrimitive(6)
424,1,-10.0,-5.0,0,1,16.171149819322782,0,-3.0293784141540527,49.36332321166992,348.95428371429443,0.0,0.0,0.0,0.13277888456022424,0.01659736057002803,viz.VizPrimitive(6)
425,1,-10.0,-5.0,0,1,16.187697538785706,0,-3.0547077655792236,49.493080139160156,348.95428371429443,0.0,0.0,0.0,0.13220452464329924,0.016525565580412405,viz.VizPrimitive(6)
426,1,-10.0,-5.0,0,1,16.204333463521582,0,-3.0802321434020996,49.62383270263672,348.95428371429443,0.0,0.0,0.0,0.13322196221039917,0.016652745276299896,viz.VizPrimitive(6)
427,1,-10.0,-5.0,0,1,16.221027644763314,0,-3.1057827472686768,49.754722595214844,348.95428371429443,0.0,0.0,0.0,0.1333598085904555,0.016669976073806936,viz.VizPrimitive(6)
428,1,-10.0,-5.0,0,1,16.23789905706512,0,-3.1315536499023438,49.88673782348633,348.95428371429443,0.0,0.0,0.0,0.13450852842427707,0.016813566053034634,viz.VizPrimitive(6)
429,1,-10.0,-5.0,0,1,16.25482380278778,0,-3.157208204269409,50.018157958984375,348.95428371429443,0.0,0.0,0.0,0.13390134794065034,0.016737668492581292,viz.VizPrimitive(6)
430,1,-10.0,-5.0,0,1,16.272218292871045,0,-3.1840052604675293,50.155433654785156,348.95428371429443,0.0,0.0,0.0,0.1398648449064126,0.017483105613301575,viz.VizPrimitive(6)
431,1,-10.0,-5.0,0,1,16.28775390810898,0,-3.207986354827881,50.278282165527344,348.95428371429443,0.0,0.0,0.0,0.12516779514714926,0.015645974393393658,viz.VizPrimitive(6)
432,1,-10.0,-5.0,0,1,16.304298345515235,0,-3.2334659099578857,50.40880584716797,348.95428371429443,0.0,0.0,0.0,0.13298893618699026,0.016623617023373782,viz.VizPrimitive(6)
433,1,-10.0,-5.0,0,1,16.32105283454824,0,-3.259084463119507,50.540042877197266,348.95428371429443,0.0,0.0,0.0,0.13371427071058406,0.016714283838823007,viz.VizPrimitive(6)
434,1,-10.0,-5.0,0,1,16.337987836697987,0,-3.284799337387085,50.67177200317383,348.95428371429443,0.0,0.0,0.0,0.13421642538079936,0.01677705317259992,viz.VizPrimitive(6)
435,1,-10.0,-5.0,0,1,16.35488714648147,0,-3.310502767562866,50.803443908691406,348.95428371429443,0.0,0.0,0.0,0.1341573483607874,0.016769668545098426,viz.VizPrimitive(6)
436,1,-10.0,-5.0,0,1,16.37113989110136,0,-3.3358075618743896,50.933074951171875,348.95428371429443,0.0,0.0,0.0,0.13207652443327333,0.016509565554159167,viz.VizPrimitive(6)
437,1,-10.0,-5.0,0,1,16.387617046345923,0,-3.3611884117126465,51.06309509277344,348.95428371429443,0.0,0.0,0.0,0.13247365329010563,0.016559206661263204,viz.VizPrimitive(6)
438,1,-10.0,-5.0,0,1,16.404215227430118,0,-3.386664867401123,51.193603515625,348.95428371429443,0.0,0.0,0.0,0.13297252590362518,0.016621565737953148,viz.VizPrimitive(6)
439,1,-10.0,-5.0,0,1,16.4208683829635,0,-3.4122085571289062,51.324459075927734,348.95428371429443,0.0,0.0,0.0,0.13332370596711485,0.016665463245889356,viz.VizPrimitive(6)
440,1,-10.0,-5.0,0,1,16.437550256492727,0,-3.4377636909484863,51.45537185668945,348.95428371429443,0.0,0.0,0.0,0.1333827829871268,0.01667284787339085,viz.VizPrimitive(6)
441,1,-10.0,-5.0,0,1,16.45420669408278,0,-3.463296890258789,51.5861701965332,348.95428371429443,0.0,0.0,0.0,0.1332679110037418,0.016658488875467725,viz.VizPrimitive(6)
442,1,-10.0,-5.0,0,1,16.47105390121666,0,-3.4890329837799072,51.71800994873047,348.95428371429443,0.0,0.0,0.0,0.13432801530751703,0.01679100191343963,viz.VizPrimitive(6)
443,1,-10.0,-5.0,0,1,16.487735364488803,0,-3.514564275741577,51.84880065917969,348.95428371429443,0.0,0.0,0.0,0.1332580648337398,0.016657258104217476,viz.VizPrimitive(6)
444,1,-10.0,-5.0,0,1,16.504400007220525,0,-3.540109872817993,51.97966384887695,348.95428371429443,0.0,0.0,0.0,0.13333355213711684,0.016666694017139605,viz.VizPrimitive(6)
445,1,-10.0,-5.0,0,1,16.520887008635093,0,-3.5654726028442383,52.109588623046875,348.95428371429443,0.0,0.0,0.0,0.13237847364672461,0.016547309205840577,viz.VizPrimitive(6)
446,1,-10.0,-5.0,0,1,16.53754672828181,0,-3.591067314147949,52.24070358276367,348.95428371429443,0.0,0.0,0.0,0.1335895525572255,0.016698694069653186,viz.VizPrimitive(6)
447,1,-10.0,-5.0,0,1,16.55422285821187,0,-3.6165518760681152,52.371253967285156,348.95428371429443,0.0,0.0,0.0,0.13301519264030048,0.01662689908003756,viz.VizPrimitive(6)
448,1,-10.0,-5.0,0,1,16.57095068053445,0,-3.6422088146209717,52.502689361572266,348.95428371429443,0.0,0.0,0.0,0.13391447616734808,0.01673930952091851,viz.VizPrimitive(6)
449,1,-10.0,-5.0,0,1,16.58754804110448,0,-3.6676595211029053,52.6330680847168,348.95428371429443,0.0,0.0,0.0,0.1328379615802362,0.016604745197529525,viz.VizPrimitive(6)
450,1,-10.0,-5.0,0,1,16.604182735069106,0,-3.693161725997925,52.763710021972656,348.95428371429443,0.0,0.0,0.0,0.1331070902270426,0.016638386278380324,viz.VizPrimitive(6)
451,1,-10.0,-5.0,0,1,16.620838762402073,0,-3.718698501586914,52.894527435302734,348.95428371429443,0.0,0.0,0.0,0.1332876033437458,0.016660950417968223,viz.VizPrimitive(6)
452,1,-10.0,-5.0,0,1,16.63748863587879,0,-3.7442052364349365,53.02519226074219,348.95428371429443,0.0,0.0,0.0,0.13313006462368548,0.016641258077960686,viz.VizPrimitive(6)
453,1,-10.0,-5.0,0,1,16.654140560640922,0,-3.769735097885132,53.155975341796875,348.95428371429443,0.0,0.0,0.0,0.13325150072043357,0.016656437590054196,viz.VizPrimitive(6)
454,1,-10.0,-5.0,0,1,16.670835972653904,0,-3.7953271865844727,53.287078857421875,348.95428371429443,0.0,0.0,0.0,0.13357642433052774,0.016697053041315968,viz.VizPrimitive(6)
455,1,-10.0,-5.0,0,1,16.68748830767312,0,-3.8208577632904053,53.41786575317383,348.95428371429443,0.0,0.0,0.0,0.13325478277707248,0.01665684784713406,viz.VizPrimitive(6)
456,1,-10.0,-5.0,0,1,16.70414802731984,0,-3.846381425857544,53.54861831665039,348.95428371429443,0.0,0.0,0.0,0.13321868015373184,0.01665233501921648,viz.VizPrimitive(6)
457,1,-10.0,-5.0,0,1,16.720772054600296,0,-3.8719112873077393,53.67940139770508,348.95428371429443,0.0,0.0,0.0,0.13325150072043357,0.016656437590054196,viz.VizPrimitive(6)
458,1,-10.0,-5.0,0,1,16.737689825952536,0,-3.8974757194519043,53.810359954833984,348.95428371429443,0.0,0.0,0.0,0.13343201383713676,0.016679001729642096,viz.VizPrimitive(6)
459,1,-10.0,-5.0,0,1,16.754217032561286,0,-3.9230868816375732,53.941558837890625,348.95428371429443,0.0,0.0,0.0,0.1336748860305761,0.01670936075382201,viz.VizPrimitive(6)
460,1,-10.0,-5.0,0,1,16.770766803309627,0,-3.94853138923645,54.071903228759766,348.95428371429443,0.0,0.0,0.0,0.1328051410135629,0.01660064262669536,viz.VizPrimitive(6)
461,1,-10.0,-5.0,0,1,16.787399445988836,0,-3.9740374088287354,54.20256423950195,348.95428371429443,0.0,0.0,0.0,0.13312678256704658,0.016640847820880822,viz.VizPrimitive(6)
462,1,-10.0,-5.0,0,1,16.80412562728308,0,-3.999627113342285,54.33365249633789,348.95428371429443,0.0,0.0,0.0,0.13356329610385842,0.016695412012982302,viz.VizPrimitive(6)
463,1,-10.0,-5.0,0,1,16.820762782790208,0,-4.0251264572143555,54.46427917480469,348.95428371429443,0.0,0.0,0.0,0.13309067994367751,0.01663633499295969,viz.VizPrimitive(6)
464,1,-10.0,-5.0,0,1,16.837437681949016,0,-4.050671577453613,54.59513854980469,348.95428371429443,0.0,0.0,0.0,0.1333302700804495,0.01666628376005619,viz.VizPrimitive(6)
465,1,-10.0,-5.0,0,1,16.854182324812022,0,-4.076274871826172,54.72629928588867,348.95428371429443,0.0,0.0,0.0,0.13363550135056812,0.016704437668821015,viz.VizPrimitive(6)
466,1,-10.0,-5.0,0,1,16.870740710959115,0,-4.101747035980225,54.85678482055664,348.95428371429443,0.0,0.0,0.0,0.13294955150695387,0.016618693938369233,viz.VizPrimitive(6)
467,1,-10.0,-5.0,0,1,16.88746073839711,0,-4.127325534820557,54.987815856933594,348.95428371429443,0.0,0.0,0.0,0.13350421908384646,0.016688027385480808,viz.VizPrimitive(6)
468,1,-10.0,-5.0,0,1,16.90412989395675,0,-4.152863502502441,55.1186408996582,348.95428371429443,0.0,0.0,0.0,0.13329416745710887,0.01666177093213861,viz.VizPrimitive(6)
469,1,-10.0,-5.0,0,1,16.920753921237203,0,-4.178362846374512,55.249267578125,348.95428371429443,0.0,0.0,0.0,0.13309067994367751,0.01663633499295969,viz.VizPrimitive(6)
470,1,-10.0,-5.0,0,1,16.937377128003494,0,-4.203912734985352,55.38015365600586,348.95428371429443,0.0,0.0,0.0,0.13335652653378816,0.01666956581672352,viz.VizPrimitive(6)
471,1,-10.0,-5.0,0,1,16.95406597590314,0,-4.229462146759033,55.51103591918945,348.95428371429443,0.0,0.0,0.0,0.13335324447712082,0.016669155559640103,viz.VizPrimitive(6)
472,1,-10.0,-5.0,0,1,16.970778208456547,0,-4.255037307739258,55.642051696777344,348.95428371429443,0.0,0.0,0.0,0.1334878088004814,0.016685976100060174,viz.VizPrimitive(6)
473,1,-10.0,-5.0,0,1,16.98740756907909,0,-4.280527591705322,55.77263259887695,348.95428371429443,0.0,0.0,0.0,0.13304473115033488,0.01663059139379186,viz.VizPrimitive(6)
474,1,-10.0,-5.0,0,1,17.004064827183306,0,-4.306070327758789,55.903480529785156,348.95428371429443,0.0,0.0,0.0,0.13331714185378019,0.016664642731722523,viz.VizPrimitive(6)
475,1,-10.0,-5.0,0,1,17.020736444285447,0,-4.331609725952148,56.0343132019043,348.95428371429443,0.0,0.0,0.0,0.1333007315704151,0.01666259144630189,viz.VizPrimitive(6)
476,1,-10.0,-5.0,0,1,17.037395753675085,0,-4.357174873352051,56.16527557373047,348.95428371429443,0.0,0.0,0.0,0.13343529589383252,0.016679411986729065,viz.VizPrimitive(6)
477,1,-10.0,-5.0,0,1,17.0540058322147,0,-4.382663726806641,56.29584884643555,348.95428371429443,0.0,0.0,0.0,0.13303816703700022,0.016629770879625028,viz.VizPrimitive(6)
478,1,-10.0,-5.0,0,1,17.070712321168937,0,-4.408237457275391,56.426856994628906,348.95428371429443,0.0,0.0,0.0,0.13348124468717515,0.016685155585896894,viz.VizPrimitive(6)
479,1,-10.0,-5.0,0,1,17.087382297242744,0,-4.433767795562744,56.55764389038086,348.95428371429443,0.0,0.0,0.0,0.13325478277707248,0.01665684784713406,viz.VizPrimitive(6)
480,1,-10.0,-5.0,0,1,17.104053914344885,0,-4.459331512451172,56.688602447509766,348.95428371429443,0.0,0.0,0.0,0.13342873178046943,0.01667859147255868,viz.VizPrimitive(6)
481,1,-10.0,-5.0,0,1,17.120682044196176,0,-4.484833240509033,56.81924057006836,348.95428371429443,0.0,0.0,0.0,0.13310380817034684,0.016637976021293355,viz.VizPrimitive(6)
482,1,-10.0,-5.0,0,1,17.137363507468322,0,-4.510372161865234,56.950069427490234,348.95428371429443,0.0,0.0,0.0,0.1332974495137762,0.016662181189222025,viz.VizPrimitive(6)
483,1,-10.0,-5.0,0,1,17.154036765598796,0,-4.53598690032959,57.0812873840332,348.95428371429443,0.0,0.0,0.0,0.13369457837058007,0.01671182229632251,viz.VizPrimitive(6)
484,1,-10.0,-5.0,0,1,17.17069361344593,0,-4.5614776611328125,57.21187210083008,348.95428371429443,0.0,0.0,0.0,0.1330480132070022,0.016631001650875277,viz.VizPrimitive(6)
485,1,-10.0,-5.0,0,1,17.18733364075264,0,-4.587003231048584,57.34263229370117,348.95428371429443,0.0,0.0,0.0,0.13322852632373383,0.01665356579046673,viz.VizPrimitive(6)
486,1,-10.0,-5.0,0,1,17.204000745026864,0,-4.612517356872559,57.47333526611328,348.95428371429443,0.0,0.0,0.0,0.13316944930372188,0.016646181162965235,viz.VizPrimitive(6)
487,1,-10.0,-5.0,0,1,17.22066333647317,0,-4.638065338134766,57.604209899902344,348.95428371429443,0.0,0.0,0.0,0.13334668036378616,0.01666833504547327,viz.VizPrimitive(6)
488,1,-10.0,-5.0,0,1,17.237333312546976,0,-4.663602352142334,57.73502731323242,348.95428371429443,0.0,0.0,0.0,0.1332876033437458,0.016660950417968223,viz.VizPrimitive(6)
489,1,-10.0,-5.0,0,1,17.25399262193661,0,-4.689140319824219,57.86585235595703,348.95428371429443,0.0,0.0,0.0,0.13329416745710887,0.01666177093213861,viz.VizPrimitive(6)
490,1,-10.0,-5.0,0,1,17.270667931352502,0,-4.714681148529053,57.99668884277344,348.95428371429443,0.0,0.0,0.0,0.13330729568374977,0.01666341196046872,viz.VizPrimitive(6)
491,1,-10.0,-5.0,0,1,17.28732477919964,0,-4.740237712860107,58.12760543823242,348.95428371429443,0.0,0.0,0.0,0.13338934710046146,0.016673668387557683,viz.VizPrimitive(6)
492,1,-10.0,-5.0,0,1,17.303993934759276,0,-4.765794277191162,58.258522033691406,348.95428371429443,0.0,0.0,0.0,0.13338934710048989,0.016673668387561236,viz.VizPrimitive(6)
493,1,-10.0,-5.0,0,1,17.320679500602257,0,-4.791357040405273,58.38947296142578,348.95428371429443,0.0,0.0,0.0,0.13342216766713477,0.016677770958391847,viz.VizPrimitive(6)
494,1,-10.0,-5.0,0,1,17.33731009199605,0,-4.816847324371338,58.52005386352539,348.95428371429443,0.0,0.0,0.0,0.13304473115033488,0.01663059139379186,viz.VizPrimitive(6)
495,1,-10.0,-5.0,0,1,17.35394765776026,0,-4.842403888702393,58.650970458984375,348.95428371429443,0.0,0.0,0.0,0.13338934710046146,0.016673668387557683,viz.VizPrimitive(6)
496,1,-10.0,-5.0,0,1,17.370629531289488,0,-4.86792516708374,58.781707763671875,348.95428371429443,0.0,0.0,0.0,0.13320555192706252,0.016650693990882814,viz.VizPrimitive(6)
497,1,-10.0,-5.0,0,1,17.38727530219537,0,-4.8934760093688965,58.91259765625,348.95428371429443,0.0,0.0,0.0,0.1333598085904555,0.016669976073806936,viz.VizPrimitive(6)
498,1,-10.0,-5.0,0,1,17.404055227167554,0,-4.919108867645264,59.043907165527344,348.95428371429443,0.0,0.0,0.0,0.1337897580139611,0.016723719751745136,viz.VizPrimitive(6)
499,1,-10.0,-5.0,0,1,17.42070756218677,0,-4.9446024894714355,59.174503326416016,348.95428371429443,0.0,0.0,0.0,0.13306114143367154,0.016632642679208942,viz.VizPrimitive(6)
500,1,-10.0,-5.0,0,1,17.43731846124055,0,-4.970102787017822,59.30513381958008,348.95428371429443,0.0,0.0,0.0,0.13309724405701218,0.016637155507126522,viz.VizPrimitive(6)
501,1,-10.0,-5.0,0,1,17.454406489282444,0,-4.99591588973999,59.4373664855957,348.95428371429443,0.0,0.0,0.0,0.13472842622101666,0.016841053277627083,viz.VizPrimitive(6)
502,1,-10.0,-5.0,0,1,17.471105183352098,0,-5.021452903747559,59.56818389892578,348.95428371429443,0.0,0.0,0.0,0.1332876033437458,0.016660950417968223,viz.VizPrimitive(6)
503,1,-10.0,-5.0,0,1,17.48741249216409,0,-5.046816349029541,59.69811248779297,348.95428371429443,0.0,0.0,0.0,0.13238175570339195,0.016547719462923993,viz.VizPrimitive(6)
504,1,-10.0,-5.0,0,1,17.50402175018954,0,-5.072275161743164,59.82853317260742,348.95428371429443,0.0,0.0,0.0,0.13288062831693992,0.01661007853961749,viz.VizPrimitive(6)
505,1,-10.0,-5.0,0,1,17.521104034632263,0,-5.098106384277344,59.96085739135742,348.95428371429443,0.0,0.0,0.0,0.13482360586436926,0.016852950733046157,viz.VizPrimitive(6)
506,1,-10.0,-5.0,0,1,17.537963549478647,0,-5.123815059661865,60.09255599975586,348.95428371429443,0.0,0.0,0.0,0.13418360481412606,0.016772950601765757,viz.VizPrimitive(6)
507,1,-10.0,-5.0,0,1,17.554143268337672,0,-5.148959636688232,60.22136306762695,348.95428371429443,0.0,0.0,0.0,0.13123959998293344,0.01640494999786668,viz.VizPrimitive(6)
508,1,-10.0,-5.0,0,1,17.57073365453728,0,-5.174522876739502,60.352317810058594,348.95428371429443,0.0,0.0,0.0,0.1334254497238021,0.016678181215475263,viz.VizPrimitive(6)
509,1,-10.0,-5.0,0,1,17.5874778871432,0,-5.200050354003906,60.483089447021484,348.95428371429443,0.0,0.0,0.0,0.13323837249376425,0.01665479656172053,viz.VizPrimitive(6)
510,1,-10.0,-5.0,0,1,17.60451545356382,0,-5.2259111404418945,60.61556625366211,348.95428371429443,0.0,0.0,0.0,0.13497786252776223,0.01687223281597028,viz.VizPrimitive(6)
511,1,-10.0,-5.0,0,1,17.621157121898868,0,-5.251345634460449,60.7458610534668,348.95428371429443,0.0,0.0,0.0,0.1327526281068856,0.0165940785133607,viz.VizPrimitive(6)
512,1,-10.0,-5.0,0,1,17.637434481943767,0,-5.276699066162109,60.87574005126953,348.95428371429443,0.0,0.0,0.0,0.13232924279668623,0.01654115534958578,viz.VizPrimitive(6)
513,1,-10.0,-5.0,0,1,17.654136868327168,0,-5.3022637367248535,61.00669860839844,348.95428371429443,0.0,0.0,0.0,0.1334320138371652,0.01667900172964565,viz.VizPrimitive(6)
514,1,-10.0,-5.0,0,1,17.670691562160513,0,-5.327680587768555,61.13690185546875,348.95428371429443,0.0,0.0,0.0,0.1326607305201719,0.01658259131502149,viz.VizPrimitive(6)
515,1,-10.0,-5.0,0,1,17.68774389783614,0,-5.353573799133301,61.26954650878906,348.95428371429443,0.0,0.0,0.0,0.13514852947452027,0.016893566184315034,viz.VizPrimitive(6)
516,1,-10.0,-5.0,0,1,17.704401566197443,0,-5.379095077514648,61.40028381347656,348.95428371429443,0.0,0.0,0.0,0.1332055519270341,0.01665069399087926,viz.VizPrimitive(6)
517,1,-10.0,-5.0,0,1,17.721023952449563,0,-5.404599189758301,61.53093338012695,348.95428371429443,0.0,0.0,0.0,0.13311693639704458,0.016639617049630573,viz.VizPrimitive(6)
518,1,-10.0,-5.0,0,1,17.737512594892465,0,-5.430063247680664,61.661376953125,348.95428371429443,0.0,0.0,0.0,0.13290688477025014,0.016613360596281268,viz.VizPrimitive(6)
519,1,-10.0,-5.0,0,1,17.75437251999593,0,-5.455714702606201,61.792781829833984,348.95428371429443,0.0,0.0,0.0,0.1338849376573421,0.016735617207167763,viz.VizPrimitive(6)
520,1,-10.0,-5.0,0,1,17.770638803099576,0,-5.4809346199035645,61.92197799682617,348.95428371429443,0.0,0.0,0.0,0.1316334467830984,0.0164541808478873,viz.VizPrimitive(6)
521,1,-10.0,-5.0,0,1,17.7873530869384,0,-5.5065016746521,62.05295181274414,348.95428371429443,0.0,0.0,0.0,0.1334451420638345,0.016680642757979314,viz.VizPrimitive(6)
522,1,-10.0,-5.0,0,1,17.80399434501636,0,-5.532038688659668,62.18376922607422,348.95428371429443,0.0,0.0,0.0,0.1332876033437458,0.016660950417968223,viz.VizPrimitive(6)
523,1,-10.0,-5.0,0,1,17.820700013456435,0,-5.5575690269470215,62.31455612182617,348.95428371429443,0.0,0.0,0.0,0.13325478277707248,0.01665684784713406,viz.VizPrimitive(6)
524,1,-10.0,-5.0,0,1,17.837334707421057,0,-5.583093166351318,62.445308685302734,348.95428371429443,0.0,0.0,0.0,0.13322196221039917,0.016652745276299896,viz.VizPrimitive(6)
525,1,-10.0,-5.0,0,1,17.85400960657987,0,-5.608665943145752,62.57630920410156,348.95428371429443,0.0,0.0,0.0,0.1334746805738405,0.01668433507173006,viz.VizPrimitive(6)
526,1,-10.0,-5.0,0,1,17.871103788478013,0,-5.634542942047119,62.70886993408203,348.95428371429443,0.0,0.0,0.0,0.13506319600114125,0.016882899500142656,viz.VizPrimitive(6)
527,1,-10.0,-5.0,0,1,17.891627309337125,0,-5.665024280548096,62.86501693725586,348.95428371429443,0.0,0.0,0.0,0.15909441492416931,0.019886801865521164,viz.VizPrimitive(6)
528,1,-10.0,-5.0,0,1,17.904124560614665,0,-5.685262680053711,62.968692779541016,348.95428371429443,0.0,0.0,0.0,0.10563299385927394,0.013204124232409242,viz.VizPrimitive(6)
529,1,-10.0,-5.0,0,1,17.92054674141004,0,-5.710753440856934,63.09927749633789,348.95428371429443,0.0,0.0,0.0,0.1330480132070022,0.016631001650875277,viz.VizPrimitive(6)
530,1,-10.0,-5.0,0,1,17.937173230232993,0,-5.73628568649292,63.230072021484375,348.95428371429443,0.0,0.0,0.0,0.13326462894707447,0.01665807861838431,viz.VizPrimitive(6)
531,1,-10.0,-5.0,0,1,17.954193155599025,0,-5.762081623077393,63.36221694946289,348.95428371429443,0.0,0.0,0.0,0.1346398106909703,0.01682997633637129,viz.VizPrimitive(6)
532,1,-10.0,-5.0,0,1,17.970668669815254,0,-5.787459850311279,63.49222183227539,348.95428371429443,0.0,0.0,0.0,0.1324605250634363,0.01655756563292954,viz.VizPrimitive(6)
533,1,-10.0,-5.0,0,1,17.98723895341777,0,-5.812943935394287,63.62276840209961,348.95428371429443,0.0,0.0,0.0,0.13301191058363315,0.016626488822954144,viz.VizPrimitive(6)
534,1,-10.0,-5.0,0,1,18.004308519890905,0,-5.838787078857422,63.75515365600586,348.95428371429443,0.0,0.0,0.0,0.13488596494107696,0.01686074561763462,viz.VizPrimitive(6)
535,1,-10.0,-5.0,0,1,18.021030188357233,0,-5.864386081695557,63.88629150390625,348.95428371429443,0.0,0.0,0.0,0.1336125269538968,0.0167015658692371,viz.VizPrimitive(6)
536,1,-10.0,-5.0,0,1,18.037418317814677,0,-5.889666557312012,64.01579284667969,348.95428371429443,0.0,0.0,0.0,0.131948524223219,0.016493565527902376,viz.VizPrimitive(6)
537,1,-10.0,-5.0,0,1,18.053879883290065,0,-5.915070533752441,64.14593505859375,348.95428371429443,0.0,0.0,0.0,0.13259508938679687,0.01657438617334961,viz.VizPrimitive(6)
538,1,-10.0,-5.0,0,1,18.071006065240724,0,-5.940970420837402,64.27861022949219,348.95428371429443,0.0,0.0,0.0,0.13518135004119358,0.016897668755149198,viz.VizPrimitive(6)
539,1,-10.0,-5.0,0,1,18.093375742975578,0,-5.975612640380859,64.45606994628906,348.95428371429443,0.0,0.0,0.0,0.1808117838962744,0.0226014729870343,viz.VizPrimitive(6)
540,1,-10.0,-5.0,0,1,18.10413268370492,0,-5.991854190826416,64.53926849365234,348.95428371429443,0.0,0.0,0.0,0.08477224167751274,0.010596530209689092,viz.VizPrimitive(6)
541,1,-10.0,-5.0,0,1,18.12052081316236,0,-6.01726770401001,64.6694564819336,348.95428371429443,0.0,0.0,0.0,0.13264432023683526,0.016580540029604407,viz.VizPrimitive(6)
542,1,-10.0,-5.0,0,1,18.137228122630766,0,-6.04281759262085,64.80033874511719,348.95428371429443,0.0,0.0,0.0,0.13335652653378816,0.01666956581672352,viz.VizPrimitive(6)
543,1,-10.0,-5.0,0,1,18.154010098888367,0,-6.068355083465576,64.93115997314453,348.95428371429443,0.0,0.0,0.0,0.13329088540044154,0.016661360675055192,viz.VizPrimitive(6)
544,1,-10.0,-5.0,0,1,18.170495869531685,0,-6.0938568115234375,65.06179809570312,348.95428371429443,0.0,0.0,0.0,0.13310380817034684,0.016637976021293355,viz.VizPrimitive(6)
545,1,-10.0,-5.0,0,1,18.187277435532202,0,-6.11943244934082,65.19281768798828,348.95428371429443,0.0,0.0,0.0,0.13349109085717714,0.016686386357147143,viz.VizPrimitive(6)
546,1,-10.0,-5.0,0,1,18.20404259124938,0,-6.145184516906738,65.32473754882812,348.95428371429443,0.0,0.0,0.0,0.1344100667242003,0.016801258340525038,viz.VizPrimitive(6)
547,1,-10.0,-5.0,0,1,18.220488156698515,0,-6.170490741729736,65.45437622070312,348.95428371429443,0.0,0.0,0.0,0.132083088546608,0.016510386068326,viz.VizPrimitive(6)
548,1,-10.0,-5.0,0,1,18.237279568869038,0,-6.19607400894165,65.58543395996094,348.95428371429443,0.0,0.0,0.0,0.1335304755371851,0.01669130944214814,viz.VizPrimitive(6)
549,1,-10.0,-5.0,0,1,18.253986057823276,0,-6.221719741821289,65.71681213378906,348.95428371429443,0.0,0.0,0.0,0.13385539914733613,0.016731924893417016,viz.VizPrimitive(6)
550,1,-10.0,-5.0,0,1,18.270581367107884,0,-6.247128963470459,65.84697723388672,348.95428371429443,0.0,0.0,0.0,0.13262134584016394,0.016577668230020493,viz.VizPrimitive(6)
551,1,-10.0,-5.0,0,1,18.287181189220412,0,-6.272651195526123,65.97772216796875,348.95428371429443,0.0,0.0,0.0,0.13321211604039718,0.016651514505049647,viz.VizPrimitive(6)
552,1,5.0,-10.0,0,2,18.303799883158785,0,-6.298164367675781,66.1084213256836,348.95428371429443,0.0,0.0,0.0,0.1331628851903588,0.01664536064879485,viz.VizPrimitive(6)
553,1,5.0,-10.0,0,2,18.3210290396374,0,-6.324114799499512,66.2413558959961,348.95428371429443,0.0,0.0,0.0,0.13544719663130422,0.016930899578913028,viz.VizPrimitive(6)
554,1,5.0,-10.0,0,2,18.337323630479805,0,-6.349433898925781,66.37106323242188,348.95428371429443,0.0,0.0,0.0,0.13215201173662194,0.016519001467077743,viz.VizPrimitive(6)
555,1,5.0,-10.0,0,2,18.35396201675818,0,-6.374910831451416,66.50157928466797,348.95428371429443,0.0,0.0,0.0,0.13297580796032094,0.016621975995040117,viz.VizPrimitive(6)
556,1,5.0,-10.0,0,2,18.37087363425417,0,-6.4006571769714355,66.63346862792969,348.95428371429443,0.0,0.0,0.0,0.13438052821419433,0.01679756602677429,viz.VizPrimitive(6)
557,1,5.0,-10.0,0,2,18.38703612231569,0,-6.425800800323486,66.76227569580078,348.95428371429443,0.0,0.0,0.0,0.1312363179262661,0.016404539740783264,viz.VizPrimitive(6)
558,1,5.0,-10.0,0,2,18.404131945242167,0,-6.451648235321045,66.89468383789062,348.95428371429443,0.0,0.0,0.0,0.13490893933774828,0.016863617417218535,viz.VizPrimitive(6)
559,1,5.0,-10.0,0,2,18.420900383016015,0,-6.477219104766846,67.02567291259766,348.95428371429443,0.0,0.0,0.0,0.13346483440381007,0.01668310430047626,viz.VizPrimitive(6)
560,1,5.0,-10.0,0,2,18.43708953778796,0,-6.502443313598633,67.15489196777344,348.95428371429443,0.0,0.0,0.0,0.13165642117976972,0.016457052647471215,viz.VizPrimitive(6)
561,1,5.0,-10.0,0,2,18.453716847125083,0,-6.5279693603515625,67.28565216064453,348.95428371429443,0.0,0.0,0.0,0.13323180838040116,0.016653976047550145,viz.VizPrimitive(6)
562,1,5.0,-10.0,0,2,18.470898413782013,0,-6.553854465484619,67.41825866699219,348.95428371429443,0.0,0.0,0.0,0.13510586273784497,0.01688823284223062,viz.VizPrimitive(6)
563,1,5.0,-10.0,0,2,18.487491261524124,0,-6.5793657302856445,67.54894256591797,348.95428371429443,0.0,0.0,0.0,0.1331530390203568,0.0166441298775446,viz.VizPrimitive(6)
564,1,5.0,-10.0,0,2,18.503865031983644,0,-6.604673862457275,67.6785888671875,348.95428371429443,0.0,0.0,0.0,0.13209293471661,0.01651161683957625,viz.VizPrimitive(6)
565,1,5.0,-10.0,0,2,18.520772957165878,0,-6.630399227142334,67.81037139892578,348.95428371429443,0.0,0.0,0.0,0.1342722203441724,0.01678402754302155,viz.VizPrimitive(6)
566,1,5.0,-10.0,0,2,18.537044983868693,0,-6.655670166015625,67.93982696533203,348.95428371429443,0.0,0.0,0.0,0.13189929337318063,0.016487411671647578,viz.VizPrimitive(6)
567,1,5.0,-10.0,0,2,18.55373383176834,0,-6.681247234344482,68.07085418701172,348.95428371429443,0.0,0.0,0.0,0.1334976549705118,0.016687206871313975,viz.VizPrimitive(6)
568,1,5.0,-10.0,0,2,18.57080175721314,0,-6.7070112228393555,68.20283508300781,348.95428371429443,0.0,0.0,0.0,0.134472425800908,0.0168090532251135,viz.VizPrimitive(6)
569,1,5.0,-10.0,0,2,18.587499630768626,0,-6.732565879821777,68.333740234375,348.95428371429443,0.0,0.0,0.0,0.13337950093045947,0.016672437616307434,viz.VizPrimitive(6)
570,1,5.0,-10.0,0,2,18.60414622218867,0,-6.7581000328063965,68.46454620361328,348.95428371429443,0.0,0.0,0.0,0.13327447511710488,0.01665930938963811,viz.VizPrimitive(6)
571,1,5.0,-10.0,0,2,18.620551582443625,0,-6.783427715301514,68.59429168701172,348.95428371429443,0.0,0.0,0.0,0.13219467847332567,0.01652433480916571,viz.VizPrimitive(6)
572,1,5.0,-10.0,0,2,18.637073455710286,0,-6.808921813964844,68.72489166259766,348.95428371429443,0.0,0.0,0.0,0.13306442349031045,0.016633052936288806,viz.VizPrimitive(6)
573,1,5.0,-10.0,0,2,18.653777893379107,0,-6.834475517272949,68.85579681396484,348.95428371429443,0.0,0.0,0.0,0.13337621887382056,0.01667202735922757,viz.VizPrimitive(6)
574,1,5.0,-10.0,0,2,18.67043679251166,0,-6.860090255737305,68.98701477050781,348.95428371429443,0.0,0.0,0.0,0.13369457837058007,0.01671182229632251,viz.VizPrimitive(6)
575,1,5.0,-10.0,0,2,18.68747969227437,0,-6.88584041595459,69.11892700195312,348.95428371429443,0.0,0.0,0.0,0.1344002205541983,0.01680002756927479,viz.VizPrimitive(6)
576,1,5.0,-10.0,0,2,18.703822693452626,0,-6.911159515380859,69.2486343383789,348.95428371429443,0.0,0.0,0.0,0.13215201173665037,0.016519001467081296,viz.VizPrimitive(6)
577,1,5.0,-10.0,0,2,18.720578823513968,0,-6.936835765838623,69.38016510009766,348.95428371429443,0.0,0.0,0.0,0.13401621992403534,0.016752027490504418,viz.VizPrimitive(6)
578,1,5.0,-10.0,0,2,18.737189722567752,0,-6.962224960327148,69.51022338867188,348.95428371429443,0.0,0.0,0.0,0.13251632002678093,0.016564540003347616,viz.VizPrimitive(6)
579,1,5.0,-10.0,0,2,18.753833852445297,0,-6.987833499908447,69.64141082763672,349.53905391693115,1,35.0,0.5847701903920921,0.13366175780390677,0.016707719725488346,viz.VizPrimitive(6)
580,1,5.0,-10.0,0,2,18.771013778073893,0,-7.012441635131836,69.77468872070312,350.13200855255127,1,35.0,0.5929548192079892,0.13553253010468325,0.016941566263085406,viz.VizPrimitive(6)
581,1,5.0,-10.0,0,2,18.79668561507383,0,-7.047969818115234,69.97892761230469,351.0389804840088,1,35.0,0.906971744774161,0.20730782737695108,0.025913478422118885,viz.VizPrimitive(6)
582,1,5.0,-10.0,0,2,18.80373506253959,0,-7.056776523590088,70.03477478027344,351.2863426208496,1,35.0,0.24736245721008743,0.056539990219448555,0.007067498777431069,viz.VizPrimitive(6)
583,1,5.0,-10.0,0,2,18.820605654327228,0,-7.077065467834473,70.16715240478516,351.8722620010376,1,35.0,0.5859189102259066,0.13392432233735008,0.01674054029216876,viz.VizPrimitive(6)
584,1,5.0,-10.0,0,2,18.83699132224217,0,-7.095808029174805,70.29839324951172,352.4522500038147,1,35.0,0.5799886440840041,0.13256883293348665,0.01657110411668583,viz.VizPrimitive(6)
585,1,5.0,-10.0,0,2,18.853728170220588,0,-7.1133623123168945,70.43087768554688,353.0369338989258,1,35.0,0.5846840364045747,0.13364206546390278,0.016705258182987848,viz.VizPrimitive(6)
586,1,5.0,-10.0,0,2,18.87027219736976,0,-7.129485130310059,70.5628890991211,353.618775844574,1,35.0,0.5818409548158776,0.13299221824362917,0.016624027280453646,viz.VizPrimitive(6)
587,1,5.0,-10.0,0,2,18.886906481077304,0,-7.144268035888672,70.69507598876953,354.20068740844727,1,35.0,0.5819127498055998,0.13300862852699424,0.01662607856587428,viz.VizPrimitive(6)
588,1,5.0,-10.0,0,2,18.903572354580273,0,-7.157742500305176,70.82774353027344,354.7840938568115,1,35.0,0.583406085589484,0.1333499624204535,0.016668745302556687,viz.VizPrimitive(6)
589,1,5.0,-10.0,0,2,18.920219356257405,0,-7.169844150543213,70.96031188964844,355.3664813041687,1,35.0,0.5823865967369457,0.13311693639701616,0.01663961704962702,viz.VizPrimitive(6)
590,1,5.0,-10.0,0,2,18.937424307568094,0,-7.180764675140381,71.09505462646484,355.9579133987427,1,35.0,0.5914327654281415,0.1351846320978609,0.016898079012232614,viz.VizPrimitive(6)
591,1,5.0,-10.0,0,2,18.95409879646982,0,-7.190156936645508,71.22796630859375,356.5408456325531,1,35.0,0.5829322386580138,0.13324165455040315,0.016655206818800394,viz.VizPrimitive(6)
592,1,5.0,-10.0,0,2,18.970710105780686,0,-7.198198318481445,71.36100006103516,357.1239356994629,1,35.0,0.5830901876351291,0.1332777571737438,0.016659719646717974,viz.VizPrimitive(6)
593,1,5.0,-10.0,0,2,18.987088389068127,0,-7.2048420906066895,71.49324798583984,357.1239356994629,0.0,0.0,0.0,0.13241457627009368,0.01655182203376171,viz.VizPrimitive(6)
594,1,5.0,-10.0,0,2,19.003647185472303,0,-7.2115044593811035,71.62586212158203,357.1239356994629,0.0,0.0,0.0,0.13278216661689157,0.016597770827111447,viz.VizPrimitive(6)
595,1,5.0,-10.0,0,2,19.02069582883418,0,-7.218262195587158,71.7603759765625,357.1239356994629,0.0,0.0,0.0,0.13468575948431294,0.016835719935539117,viz.VizPrimitive(6)
596,1,5.0,-10.0,0,2,19.037344061282564,0,-7.224936485290527,71.89322662353516,357.1239356994629,0.0,0.0,0.0,0.13302175675363515,0.016627719594204393,viz.VizPrimitive(6)
597,1,5.0,-10.0,0,2,19.060282355335147,0,-7.2341837882995605,72.07728576660156,357.1239356994629,0.0,0.0,0.0,0.18429404602102295,0.02303675575262787,viz.VizPrimitive(6)
598,1,5.0,-10.0,0,2,19.086088756658473,0,-7.2446184158325195,72.28498840332031,357.1239356994629,0.0,0.0,0.0,0.2079609566538636,0.02599511958173295,viz.VizPrimitive(6)
599,1,5.0,-10.0,0,2,19.09616179882962,0,-7.2486748695373535,72.36573028564453,357.1239356994629,0.0,0.0,0.0,0.08084361984595034,0.010105452480743793,viz.VizPrimitive(6)
600,1,5.0,-10.0,0,2,19.10352878527801,0,-7.251632213592529,72.42459106445312,357.1239356994629,0.0,0.0,0.0,0.058935891587111655,0.007366986448388957,viz.VizPrimitive(6)
601,1,5.0,-10.0,0,2,19.120455992543167,0,-7.25834846496582,72.55828094482422,357.1239356994629,0.0,0.0,0.0,0.1338553991473077,0.016731924893413463,viz.VizPrimitive(6)
602,1,5.0,-10.0,0,2,19.136911404162305,0,-7.2650017738342285,72.69071197509766,357.1239356994629,0.0,0.0,0.0,0.13259837144349262,0.016574796430436578,viz.VizPrimitive(6)
603,1,5.0,-10.0,0,2,19.153530508357758,0,-7.271690368652344,72.8238525390625,357.1239356994629,0.0,0.0,0.0,0.13330729568374977,0.01666341196046872,viz.VizPrimitive(6)
604,1,5.0,-10.0,0,2,19.170180381834474,0,-7.278375625610352,72.95692443847656,357.1239356994629,0.0,0.0,0.0,0.13324165455040315,0.016655206818800394,viz.VizPrimitive(6)
605,1,5.0,-10.0,0,2,19.186865127163287,0,-7.285069942474365,73.09017181396484,357.1239356994629,0.0,0.0,0.0,0.13341560355382853,0.016676950444228567,viz.VizPrimitive(6)
606,1,5.0,-10.0,0,2,19.203982283458107,0,-7.291811466217041,73.224365234375,357.1239356994629,0.0,0.0,0.0,0.13436083587419034,0.016795104484273793,viz.VizPrimitive(6)
607,1,5.0,-10.0,0,2,19.22207421058332,0,-7.298981666564941,73.3670883178711,357.1239356994629,0.0,0.0,0.0,0.14290074732429048,0.01786259341553631,viz.VizPrimitive(6)
608,1,5.0,-10.0,0,2,19.236926337520146,0,-7.305150508880615,73.48987579345703,357.1239356994629,0.0,0.0,0.0,0.12294584278293996,0.015368230347867495,viz.VizPrimitive(6)
609,1,5.0,-10.0,0,2,19.253724724061087,0,-7.311853885650635,73.6233139038086,357.1239356994629,0.0,0.0,0.0,0.1336026807838664,0.0167003350979833,viz.VizPrimitive(6)
610,1,5.0,-10.0,0,2,19.270283110208183,0,-7.318521976470947,73.75603485107422,357.1239356994629,0.0,0.0,0.0,0.1328904744869419,0.01661130931086774,viz.VizPrimitive(6)
611,1,5.0,-10.0,0,2,19.28687226563654,0,-7.325201511383057,73.88898468017578,357.1239356994629,0.0,0.0,0.0,0.1331202184536835,0.016640027306710437,viz.VizPrimitive(6)
612,1,5.0,-10.0,0,2,19.304009114271366,0,-7.331960201263428,74.02351379394531,357.1239356994629,0.0,0.0,0.0,0.13469888771101068,0.016837360963876336,viz.VizPrimitive(6)
613,1,5.0,-10.0,0,2,19.32057447478888,0,-7.338641166687012,74.15650177001953,357.1239356994629,0.0,0.0,0.0,0.1331530390203568,0.0166441298775446,viz.VizPrimitive(6)
614,1,5.0,-10.0,0,2,19.337198091812255,0,-7.345351696014404,74.29007720947266,357.1239356994629,0.0,0.0,0.0,0.13374052716395113,0.01671756589549389,viz.VizPrimitive(6)
615,1,5.0,-10.0,0,2,19.353570631500524,0,-7.351956844329834,74.42155456542969,357.1239356994629,0.0,0.0,0.0,0.13164001089643307,0.016455001362054134,viz.VizPrimitive(6)
616,1,5.0,-10.0,0,2,19.37051958239111,0,-7.358686447143555,74.55550384521484,357.1239356994629,0.0,0.0,0.0,0.13412124573741835,0.016765155717177294,viz.VizPrimitive(6)
617,1,5.0,-10.0,0,2,19.386923301617728,0,-7.365349292755127,74.68812561035156,357.1239356994629,0.0,0.0,0.0,0.13278873073022623,0.01659859134127828,viz.VizPrimitive(6)
618,1,5.0,-10.0,0,2,19.403752457439932,0,-7.372067451477051,74.82184600830078,357.1239356994629,0.0,0.0,0.0,0.13389150177067677,0.016736437721334596,viz.VizPrimitive(6)
619,1,5.0,-10.0,0,2,19.420263664022425,0,-7.378716945648193,74.9542007446289,357.1239356994629,0.0,0.0,0.0,0.1325228841401156,0.01656536051751445,viz.VizPrimitive(6)
620,1,5.0,-10.0,0,2,19.436875383590372,0,-7.385402202606201,75.08727264404297,357.1239356994629,0.0,0.0,0.0,0.13324165455040315,0.016655206818800394,viz.VizPrimitive(6)
621,1,5.0,-10.0,0,2,19.45348423135874,0,-7.392080307006836,75.22019958496094,357.1239356994629,0.0,0.0,0.0,0.13309724405701218,0.016637155507126522,viz.VizPrimitive(6)
622,1,5.0,-10.0,0,2,19.47017225874422,0,-7.398767948150635,75.35331726074219,357.1239356994629,0.0,0.0,0.0,0.13328432128710688,0.01666054016088836,viz.VizPrimitive(6)
623,1,5.0,-10.0,0,2,19.486817619393015,0,-7.405459403991699,75.48651123046875,357.1239356994629,0.0,0.0,0.0,0.1333598085904555,0.016669976073806936,viz.VizPrimitive(6)
624,1,5.0,-10.0,0,2,19.503479800582237,0,-7.4121479988098145,75.61964416503906,357.1239356994629,0.0,0.0,0.0,0.1333007315704151,0.01666259144630189,viz.VizPrimitive(6)
625,1,5.0,-10.0,0,2,19.520116135575197,0,-7.418831825256348,75.752685546875,357.1239356994629,0.0,0.0,0.0,0.13320555192706252,0.016650693990882814,viz.VizPrimitive(6)
626,1,5.0,-10.0,0,2,19.536749598768573,0,-7.425517559051514,75.8857650756836,357.1239356994629,0.0,0.0,0.0,0.13324821866373782,0.016656027332967227,viz.VizPrimitive(6)
627,1,5.0,-10.0,0,2,19.55392049874133,0,-7.432288646697998,76.02054595947266,357.1239356994629,0.0,0.0,0.0,0.13494832401778467,0.016868540502223084,viz.VizPrimitive(6)
628,1,5.0,-10.0,0,2,19.570523192653447,0,-7.438961029052734,76.15335845947266,357.1239356994629,0.0,0.0,0.0,0.13298237207362718,0.016622796509203397,viz.VizPrimitive(6)
629,1,5.0,-10.0,0,2,19.58696547604591,0,-7.4456353187561035,76.28620910644531,357.1239356994629,0.0,0.0,0.0,0.13301519264030048,0.01662689908003756,viz.VizPrimitive(6)
630,1,5.0,-10.0,0,2,19.60349637496841,0,-7.452285289764404,76.41857147216797,357.1239356994629,0.0,0.0,0.0,0.13252944825347868,0.016566181031684835,viz.VizPrimitive(6)
631,1,5.0,-10.0,0,2,19.620450659201083,0,-7.459024906158447,76.55272674560547,357.1239356994629,0.0,0.0,0.0,0.13432145119415395,0.016790181399269244,viz.VizPrimitive(6)
632,1,5.0,-10.0,0,2,19.636898686192716,0,-7.465674877166748,76.68509674072266,357.1239356994629,0.0,0.0,0.0,0.13253601236678492,0.016567001545848115,viz.VizPrimitive(6)
633,1,5.0,-10.0,0,2,19.65381235497412,0,-7.472438335418701,76.8197250366211,357.1239356994629,0.0,0.0,0.0,0.13479734941105903,0.01684966867638238,viz.VizPrimitive(6)
634,1,5.0,-10.0,0,2,19.670170125407385,0,-7.479042053222656,76.951171875,357.1239356994629,0.0,0.0,0.0,0.131613754443066,0.01645171930538325,viz.VizPrimitive(6)
635,1,5.0,-10.0,0,2,19.68679989628701,0,-7.485729217529297,77.08428192138672,357.1239356994629,0.0,0.0,0.0,0.13327775717377222,0.016659719646721527,viz.VizPrimitive(6)
636,1,5.0,-10.0,0,2,19.70387356533098,0,-7.49249792098999,77.21900939941406,357.1239356994629,0.0,0.0,0.0,0.13489581111107896,0.01686197638888487,viz.VizPrimitive(6)
637,1,5.0,-10.0,0,2,19.720510310581023,0,-7.499181747436523,77.35205078125,357.1239356994629,0.0,0.0,0.0,0.1332055519270341,0.01665069399087926,viz.VizPrimitive(6)
638,1,5.0,-10.0,0,2,19.737416594734924,0,-7.505918502807617,77.48613739013672,357.1239356994629,0.0,0.0,0.0,0.1342590921175031,0.016782386514687886,viz.VizPrimitive(6)
639,1,5.0,-10.0,0,2,19.75363939058772,0,-7.51251220703125,77.61738586425781,357.1239356994629,0.0,0.0,0.0,0.13141026692966307,0.016426283366207883,viz.VizPrimitive(6)
640,1,5.0,-10.0,0,2,19.771023213986812,0,-7.519383907318115,77.75416564941406,357.1239356994629,0.0,0.0,0.0,0.13695037858522596,0.017118797323153245,viz.VizPrimitive(6)
